0
18
1
18
19
1
2
20
3
20
21
3
4
22
5
22
23
5
6
24
7
24
25
7
8
26
9
26
27
9
10
28
11
28
29
11
12
30
13
30
31
13
14
32
15
32
33
15
16
34
17
34
35
17
18
36
19
36
37
19
20
38
21
38
39
21
22
40
23
40
41
23
24
42
25
42
43
25
26
44
27
44
45
27
28
46
29
46
47
29
30
48
31
48
49
31
32
50
33
50
51
33
34
52
35
52
53
35
36
54
37
54
55
37
38
56
39
56
57
39
40
58
41
58
59
41
42
60
43
60
61
43
44
62
45
62
63
45
46
64
47
64
65
47
48
66
49
66
67
49
50
68
51
68
69
51
52
70
53
70
71
53
54
72
55
72
73
55
56
74
57
74
75
57
58
76
59
76
77
59
60
78
61
78
79
61
62
80
63
80
81
63
64
82
65
82
83
65
66
84
67
84
85
67
68
86
69
86
87
69
70
88
71
88
89
71
72
90
73
90
91
73
74
92
75
92
93
75
76
94
77
94
95
77
78
96
79
96
97
79
80
98
81
98
99
81
82
100
83
100
101
83
84
102
85
102
103
85
86
104
87
104
105
87
88
106
89
106
107
89
90
108
91
108
109
91
92
110
93
110
111
93
94
112
95
112
113
95
96
114
97
114
115
97
98
116
99
116
117
99
100
118
101
118
119
101
102
120
103
120
121
103
104
122
105
122
123
105
106
124
107
124
125
107
108
126
109
126
127
109
110
128
111
128
129
111
112
130
113
130
131
113
114
132
115
132
133
115
116
134
117
134
135
117
118
136
119
136
137
119
120
138
121
138
139
121
122
140
123
140
141
123
124
142
125
142
143
125
126
144
127
144
145
127
128
146
129
146
147
129
130
148
131
148
149
131
132
150
133
150
151
133
134
152
135
152
153
135
136
154
137
154
155
137
138
156
139
156
157
139
140
158
141
158
159
141
142
160
143
160
161
143
144
162
145
162
163
145
146
164
147
164
165
147
148
166
149
166
167
149
150
168
151
168
169
151
152
170
153
170
171
153
154
172
155
172
173
155
156
174
157
174
175
157
158
176
159
176
177
159
160
178
161
178
179
161
162
180
163
180
181
163
164
182
165
182
183
165
166
184
167
184
185
167
168
186
169
186
187
169
170
188
171
188
189
171
172
190
173
190
191
173
174
192
175
192
193
175
176
194
177
194
195
177
178
196
179
196
197
179
180
198
181
198
199
181
182
200
183
200
201
183
184
202
185
202
203
185
186
204
187
204
205
187
188
206
189
206
207
189
190
208
191
208
209
191
192
210
193
210
211
193
194
212
195
212
213
195
196
214
197
214
215
197
198
216
199
216
217
199
200
218
201
218
219
201
202
220
203
220
221
203
204
222
205
222
223
205
206
224
207
224
225
207
208
226
209
226
227
209
210
228
211
228
229
211
212
230
213
230
231
213
214
232
215
232
233
215
216
234
217
234
235
217
218
236
219
236
237
219
220
238
221
238
239
221
222
240
223
240
241
223
224
242
225
242
243
225
226
244
227
244
245
227
228
246
229
246
247
229
230
248
231
248
249
231
232
250
233
250
251
233
234
252
235
252
253
235
236
254
237
254
255
237
238
256
239
256
257
239
240
258
241
258
259
241
242
260
243
260
261
243
244
262
245
262
263
245
246
264
247
264
265
247
248
266
249
266
267
249
250
268
251
268
269
251
252
270
253
270
271
253
254
272
255
272
273
255
256
274
257
274
275
257
258
276
259
276
277
259
260
278
261
278
279
261
262
280
263
280
281
263
264
282
265
282
283
265
266
284
267
284
285
267
268
286
269
286
287
269
270
288
271
288
289
271
272
290
273
290
291
273
274
292
275
292
293
275
276
294
277
294
295
277
278
296
279
296
297
279
280
298
281
298
299
281
282
300
283
300
301
283
284
302
285
302
303
285
286
304
287
304
305
287
288
306
289
306
307
289
290
308
291
308
309
291
292
310
293
310
311
293
294
312
295
312
313
295
296
314
297
314
315
297
298
316
299
316
317
299
300
318
301
318
319
301
302
320
303
320
321
303
304
322
305
322
323
305
326
327
328
326
328
325
329
325
328
325
332
324
329
330
332
331
332
330
329
332
325
338
337
336
335
338
336
338
335
339
334
342
335
342
340
339
340
342
341
335
342
339
