0
80
1
80
81
1
2
82
3
82
83
3
4
84
5
84
85
5
6
86
7
86
87
7
8
88
9
88
89
9
10
90
11
90
91
11
12
92
13
92
93
13
14
94
15
94
95
15
16
96
17
96
97
17
18
98
19
98
99
19
20
100
21
100
101
21
22
102
23
102
103
23
24
104
25
104
105
25
26
106
27
106
107
27
28
108
29
108
109
29
30
110
31
110
111
31
32
112
33
112
113
33
34
114
35
114
115
35
36
116
37
116
117
37
38
118
39
118
119
39
40
120
41
120
121
41
42
122
43
122
123
43
44
124
45
124
125
45
46
126
47
126
127
47
48
128
49
128
129
49
50
130
51
130
131
51
52
132
53
132
133
53
54
134
55
134
135
55
56
136
57
136
137
57
58
138
59
138
139
59
60
140
61
140
141
61
62
142
63
142
143
63
64
144
65
144
145
65
66
146
67
146
147
67
68
148
69
148
149
69
70
150
71
150
151
71
72
152
73
152
153
73
74
154
75
154
155
75
76
156
77
156
157
77
78
158
79
158
159
79
80
160
81
160
161
81
82
162
83
162
163
83
84
164
85
164
165
85
86
166
87
166
167
87
88
168
89
168
169
89
90
170
91
170
171
91
92
172
93
172
173
93
94
174
95
174
175
95
96
176
97
176
177
97
98
178
99
178
179
99
100
180
101
180
181
101
102
182
103
182
183
103
104
184
105
184
185
105
106
186
107
186
187
107
108
188
109
188
189
109
110
190
111
190
191
111
112
192
113
192
193
113
114
194
115
194
195
115
116
196
117
196
197
117
118
198
119
198
199
119
120
200
121
200
201
121
122
202
123
202
203
123
124
204
125
204
205
125
126
206
127
206
207
127
128
208
129
208
209
129
130
210
131
210
211
131
132
212
133
212
213
133
134
214
135
214
215
135
136
216
137
216
217
137
138
218
139
218
219
139
140
220
141
220
221
141
142
222
143
222
223
143
144
224
145
224
225
145
146
226
147
226
227
147
148
228
149
228
229
149
150
230
151
230
231
151
152
232
153
232
233
153
154
234
155
234
235
155
156
236
157
236
237
157
158
238
159
238
239
159
160
240
161
240
241
161
162
242
163
242
243
163
164
244
165
244
245
165
166
246
167
246
247
167
168
248
169
248
249
169
170
250
171
250
251
171
172
252
173
252
253
173
174
254
175
254
255
175
176
256
177
256
257
177
178
258
179
258
259
179
180
260
181
260
261
181
182
262
183
262
263
183
184
264
185
264
265
185
186
266
187
266
267
187
188
268
189
268
269
189
190
270
191
270
271
191
192
272
193
272
273
193
194
274
195
274
275
195
196
276
197
276
277
197
198
278
199
278
279
199
200
280
201
280
281
201
202
282
203
282
283
203
204
284
205
284
285
205
206
286
207
286
287
207
208
288
209
288
289
209
210
290
211
290
291
211
212
292
213
292
293
213
214
294
215
294
295
215
216
296
217
296
297
217
218
298
219
298
299
219
220
300
221
300
301
221
222
302
223
302
303
223
224
304
225
304
305
225
226
306
227
306
307
227
228
308
229
308
309
229
230
310
231
310
311
231
232
312
233
312
313
233
234
314
235
314
315
235
236
316
237
316
317
237
238
318
239
318
319
239
240
320
241
320
321
241
242
322
243
322
323
243
244
324
245
324
325
245
246
326
247
326
327
247
248
328
249
328
329
249
250
330
251
330
331
251
252
332
253
332
333
253
254
334
255
334
335
255
256
336
257
336
337
257
258
338
259
338
339
259
260
340
261
340
341
261
262
342
263
342
343
263
264
344
265
344
345
265
266
346
267
346
347
267
268
348
269
348
349
269
270
350
271
350
351
271
272
352
273
352
353
273
274
354
275
354
355
275
276
356
277
356
357
277
278
358
279
358
359
279
280
360
281
360
361
281
282
362
283
362
363
283
284
364
285
364
365
285
286
366
287
366
367
287
288
368
289
368
369
289
290
370
291
370
371
291
292
372
293
372
373
293
294
374
295
374
375
295
296
376
297
376
377
297
298
378
299
378
379
299
300
380
301
380
381
301
302
382
303
382
383
303
304
384
305
384
385
305
306
386
307
386
387
307
308
388
309
388
389
309
310
390
311
390
391
311
312
392
313
392
393
313
314
394
315
394
395
315
316
396
317
396
397
317
318
398
319
398
399
319
320
400
321
400
401
321
322
402
323
402
403
323
324
404
325
404
405
325
326
406
327
406
407
327
328
408
329
408
409
329
330
410
331
410
411
331
332
412
333
412
413
333
334
414
335
414
415
335
336
416
337
416
417
337
338
418
339
418
419
339
340
420
341
420
421
341
342
422
343
422
423
343
344
424
345
424
425
345
346
426
347
426
427
347
348
428
349
428
429
349
350
430
351
430
431
351
352
432
353
432
433
353
354
434
355
434
435
355
356
436
357
436
437
357
358
438
359
438
439
359
360
440
361
440
441
361
362
442
363
442
443
363
364
444
365
444
445
365
366
446
367
446
447
367
368
448
369
448
449
369
370
450
371
450
451
371
372
452
373
452
453
373
374
454
375
454
455
375
376
456
377
456
457
377
378
458
379
458
459
379
380
460
381
460
461
381
382
462
383
462
463
383
384
464
385
464
465
385
386
466
387
466
467
387
388
468
389
468
469
389
390
470
391
470
471
391
392
472
393
472
473
393
394
474
395
474
475
395
396
476
397
476
477
397
398
478
399
478
479
399
400
480
401
480
481
401
402
482
403
482
483
403
404
484
405
484
485
405
406
486
407
486
487
407
408
488
409
488
489
409
410
490
411
490
491
411
412
492
413
492
493
413
414
494
415
494
495
415
416
496
417
496
497
417
418
498
419
498
499
419
420
500
421
500
501
421
422
502
423
502
503
423
424
504
425
504
505
425
426
506
427
506
507
427
428
508
429
508
509
429
430
510
431
510
511
431
432
512
433
512
513
433
434
514
435
514
515
435
436
516
437
516
517
437
438
518
439
518
519
439
440
520
441
520
521
441
442
522
443
522
523
443
444
524
445
524
525
445
446
526
447
526
527
447
448
528
449
528
529
449
450
530
451
530
531
451
452
532
453
532
533
453
454
534
455
534
535
455
456
536
457
536
537
457
458
538
459
538
539
459
460
540
461
540
541
461
462
542
463
542
543
463
464
544
465
544
545
465
466
546
467
546
547
467
468
548
469
548
549
469
470
550
471
550
551
471
472
552
473
552
553
473
474
554
475
554
555
475
476
556
477
556
557
477
478
558
479
558
559
479
480
560
481
560
561
481
482
562
483
562
563
483
484
564
485
564
565
485
486
566
487
566
567
487
488
568
489
568
569
489
490
570
491
570
571
491
492
572
493
572
573
493
494
574
495
574
575
495
496
576
497
576
577
497
498
578
499
578
579
499
500
580
501
580
581
501
502
582
503
582
583
503
504
584
505
584
585
505
506
586
507
586
587
507
508
588
509
588
589
509
510
590
511
590
591
511
512
592
513
592
593
513
514
594
515
594
595
515
516
596
517
596
597
517
518
598
519
598
599
519
520
600
521
600
601
521
522
602
523
602
603
523
524
604
525
604
605
525
526
606
527
606
607
527
528
608
529
608
609
529
530
610
531
610
611
531
532
612
533
612
613
533
534
614
535
614
615
535
536
616
537
616
617
537
538
618
539
618
619
539
540
620
541
620
621
541
542
622
543
622
623
543
544
624
545
624
625
545
546
626
547
626
627
547
548
628
549
628
629
549
550
630
551
630
631
551
552
632
553
632
633
553
554
634
555
634
635
555
556
636
557
636
637
557
558
638
559
638
639
559
560
640
561
640
641
561
562
642
563
642
643
563
564
644
565
644
645
565
566
646
567
646
647
567
568
648
569
648
649
569
570
650
571
650
651
571
572
652
573
652
653
573
574
654
575
654
655
575
576
656
577
656
657
577
578
658
579
658
659
579
580
660
581
660
661
581
582
662
583
662
663
583
584
664
585
664
665
585
586
666
587
666
667
587
588
668
589
668
669
589
590
670
591
670
671
591
592
672
593
672
673
593
594
674
595
674
675
595
596
676
597
676
677
597
598
678
599
678
679
599
600
680
601
680
681
601
602
682
603
682
683
603
604
684
605
684
685
605
606
686
607
686
687
607
608
688
609
688
689
609
610
690
611
690
691
611
612
692
613
692
693
613
614
694
615
694
695
615
616
696
617
696
697
617
618
698
619
698
699
619
620
700
621
700
701
621
622
702
623
702
703
623
624
704
625
704
705
625
626
706
627
706
707
627
628
708
629
708
709
629
630
710
631
710
711
631
632
712
633
712
713
633
634
714
635
714
715
635
636
716
637
716
717
637
638
718
639
718
719
639
640
720
641
720
721
641
642
722
643
722
723
643
644
724
645
724
725
645
646
726
647
726
727
647
648
728
649
728
729
649
650
730
651
730
731
651
652
732
653
732
733
653
654
734
655
734
735
655
656
736
657
736
737
657
658
738
659
738
739
659
660
740
661
740
741
661
662
742
663
742
743
663
664
744
665
744
745
665
666
746
667
746
747
667
668
748
669
748
749
669
670
750
671
750
751
671
672
752
673
752
753
673
674
754
675
754
755
675
676
756
677
756
757
677
678
758
679
758
759
679
680
760
681
760
761
681
682
762
683
762
763
683
684
764
685
764
765
685
686
766
687
766
767
687
688
768
689
768
769
689
690
770
691
770
771
691
692
772
693
772
773
693
694
774
695
774
775
695
696
776
697
776
777
697
698
778
699
778
779
699
700
780
701
780
781
701
702
782
703
782
783
703
704
784
705
784
785
705
706
786
707
786
787
707
708
788
709
788
789
709
710
790
711
790
791
711
712
792
713
792
793
713
714
794
715
794
795
715
716
796
717
796
797
717
718
798
719
798
799
719
720
800
721
800
801
721
722
802
723
802
803
723
724
804
725
804
805
725
726
806
727
806
807
727
728
808
729
808
809
729
730
810
731
810
811
731
732
812
733
812
813
733
734
814
735
814
815
735
736
816
737
816
817
737
738
818
739
818
819
739
740
820
741
820
821
741
742
822
743
822
823
743
744
824
745
824
825
745
746
826
747
826
827
747
748
828
749
828
829
749
750
830
751
830
831
751
752
832
753
832
833
753
754
834
755
834
835
755
756
836
757
836
837
757
758
838
759
838
839
759
760
840
761
840
841
761
762
842
763
842
843
763
764
844
765
844
845
765
766
846
767
846
847
767
768
848
769
848
849
769
770
850
771
850
851
771
772
852
773
852
853
773
774
854
775
854
855
775
776
856
777
856
857
777
778
858
779
858
859
779
780
860
781
860
861
781
782
862
783
862
863
783
784
864
785
864
865
785
786
866
787
866
867
787
788
868
789
868
869
789
790
870
791
870
871
791
792
872
793
872
873
793
794
874
795
874
875
795
796
876
797
876
877
797
798
878
799
878
879
799
800
880
801
880
881
801
802
882
803
882
883
803
804
884
805
884
885
805
806
886
807
886
887
807
808
888
809
888
889
809
810
890
811
890
891
811
812
892
813
892
893
813
814
894
815
894
895
815
816
896
817
896
897
817
818
898
819
898
899
819
820
900
821
900
901
821
822
902
823
902
903
823
824
904
825
904
905
825
826
906
827
906
907
827
828
908
829
908
909
829
830
910
831
910
911
831
832
912
833
912
913
833
834
914
835
914
915
835
836
916
837
916
917
837
838
918
839
918
919
839
840
920
841
920
921
841
842
922
843
922
923
843
844
924
845
924
925
845
846
926
847
926
927
847
848
928
849
928
929
849
850
930
851
930
931
851
852
932
853
932
933
853
854
934
855
934
935
855
856
936
857
936
937
857
858
938
859
938
939
859
860
940
861
940
941
861
862
942
863
942
943
863
864
944
865
944
945
865
866
946
867
946
947
867
868
948
869
948
949
869
870
950
871
950
951
871
872
952
873
952
953
873
874
954
875
954
955
875
876
956
877
956
957
877
878
958
879
958
959
879
880
960
881
960
961
881
882
962
883
962
963
883
884
964
885
964
965
885
886
966
887
966
967
887
888
968
889
968
969
889
890
970
891
970
971
891
892
972
893
972
973
893
894
974
895
974
975
895
896
976
897
976
977
897
898
978
899
978
979
899
900
980
901
980
981
901
902
982
903
982
983
903
904
984
905
984
985
905
906
986
907
986
987
907
908
988
909
988
989
909
910
990
911
990
991
911
912
992
913
992
993
913
914
994
915
994
995
915
916
996
917
996
997
917
918
998
919
998
999
919
920
1000
921
1000
1001
921
922
1002
923
1002
1003
923
924
1004
925
1004
1005
925
926
1006
927
1006
1007
927
928
1008
929
1008
1009
929
930
1010
931
1010
1011
931
932
1012
933
1012
1013
933
934
1014
935
1014
1015
935
936
1016
937
1016
1017
937
938
1018
939
1018
1019
939
940
1020
941
1020
1021
941
942
1022
943
1022
1023
943
944
1024
945
1024
1025
945
946
1026
947
1026
1027
947
948
1028
949
1028
1029
949
950
1030
951
1030
1031
951
952
1032
953
1032
1033
953
954
1034
955
1034
1035
955
956
1036
957
1036
1037
957
958
1038
959
1038
1039
959
960
1040
961
1040
1041
961
962
1042
963
1042
1043
963
964
1044
965
1044
1045
965
966
1046
967
1046
1047
967
968
1048
969
1048
1049
969
970
1050
971
1050
1051
971
972
1052
973
1052
1053
973
974
1054
975
1054
1055
975
976
1056
977
1056
1057
977
978
1058
979
1058
1059
979
980
1060
981
1060
1061
981
982
1062
983
1062
1063
983
984
1064
985
1064
1065
985
986
1066
987
1066
1067
987
988
1068
989
1068
1069
989
990
1070
991
1070
1071
991
992
1072
993
1072
1073
993
994
1074
995
1074
1075
995
996
1076
997
1076
1077
997
998
1078
999
1078
1079
999
1000
1080
1001
1080
1081
1001
1002
1082
1003
1082
1083
1003
1004
1084
1005
1084
1085
1005
1006
1086
1007
1086
1087
1007
1008
1088
1009
1088
1089
1009
1010
1090
1011
1090
1091
1011
1012
1092
1013
1092
1093
1013
1014
1094
1015
1094
1095
1015
1016
1096
1017
1096
1097
1017
1018
1098
1019
1098
1099
1019
1020
1100
1021
1100
1101
1021
1022
1102
1023
1102
1103
1023
1024
1104
1025
1104
1105
1025
1026
1106
1027
1106
1107
1027
1028
1108
1029
1108
1109
1029
1030
1110
1031
1110
1111
1031
1032
1112
1033
1112
1113
1033
1034
1114
1035
1114
1115
1035
1036
1116
1037
1116
1117
1037
1038
1118
1039
1118
1119
1039
1040
1120
1041
1120
1121
1041
1042
1122
1043
1122
1123
1043
1044
1124
1045
1124
1125
1045
1046
1126
1047
1126
1127
1047
1048
1128
1049
1128
1129
1049
1050
1130
1051
1130
1131
1051
1052
1132
1053
1132
1133
1053
1054
1134
1055
1134
1135
1055
1056
1136
1057
1136
1137
1057
1058
1138
1059
1138
1139
1059
1060
1140
1061
1140
1141
1061
1062
1142
1063
1142
1143
1063
1064
1144
1065
1144
1145
1065
1066
1146
1067
1146
1147
1067
1068
1148
1069
1148
1149
1069
1070
1150
1071
1150
1151
1071
1072
1152
1073
1152
1153
1073
1074
1154
1075
1154
1155
1075
1076
1156
1077
1156
1157
1077
1078
1158
1079
1158
1159
1079
1080
1160
1081
1160
1161
1081
1082
1162
1083
1162
1163
1083
1084
1164
1085
1164
1165
1085
1086
1166
1087
1166
1167
1087
1088
1168
1089
1168
1169
1089
1090
1170
1091
1170
1171
1091
1092
1172
1093
1172
1173
1093
1094
1174
1095
1174
1175
1095
1096
1176
1097
1176
1177
1097
1098
1178
1099
1178
1179
1099
1100
1180
1101
1180
1181
1101
1102
1182
1103
1182
1183
1103
1104
1184
1105
1184
1185
1105
1106
1186
1107
1186
1187
1107
1108
1188
1109
1188
1189
1109
1110
1190
1111
1190
1191
1111
1112
1192
1113
1192
1193
1113
1114
1194
1115
1194
1195
1115
1116
1196
1117
1196
1197
1117
1118
1198
1119
1198
1199
1119
1120
1200
1121
1200
1201
1121
1122
1202
1123
1202
1203
1123
1124
1204
1125
1204
1205
1125
1126
1206
1127
1206
1207
1127
1128
1208
1129
1208
1209
1129
1130
1210
1131
1210
1211
1131
1132
1212
1133
1212
1213
1133
1134
1214
1135
1214
1215
1135
1136
1216
1137
1216
1217
1137
1138
1218
1139
1218
1219
1139
1140
1220
1141
1220
1221
1141
1142
1222
1143
1222
1223
1143
1144
1224
1145
1224
1225
1145
1146
1226
1147
1226
1227
1147
1148
1228
1149
1228
1229
1149
1150
1230
1151
1230
1231
1151
1152
1232
1153
1232
1233
1153
1154
1234
1155
1234
1235
1155
1156
1236
1157
1236
1237
1157
1158
1238
1159
1238
1239
1159
1160
1240
1161
1240
1241
1161
1162
1242
1163
1242
1243
1163
1164
1244
1165
1244
1245
1165
1166
1246
1167
1246
1247
1167
1168
1248
1169
1248
1249
1169
1170
1250
1171
1250
1251
1171
1172
1252
1173
1252
1253
1173
1174
1254
1175
1254
1255
1175
1176
1256
1177
1256
1257
1177
1178
1258
1179
1258
1259
1179
1180
1260
1181
1260
1261
1181
1182
1262
1183
1262
1263
1183
1184
1264
1185
1264
1265
1185
1186
1266
1187
1266
1267
1187
1188
1268
1189
1268
1269
1189
1190
1270
1191
1270
1271
1191
1192
1272
1193
1272
1273
1193
1194
1274
1195
1274
1275
1195
1196
1276
1197
1276
1277
1197
1198
1278
1199
1278
1279
1199
1200
1280
1201
1280
1281
1201
1202
1282
1203
1282
1283
1203
1204
1284
1205
1284
1285
1205
1206
1286
1207
1286
1287
1207
1208
1288
1209
1288
1289
1209
1210
1290
1211
1290
1291
1211
1212
1292
1213
1292
1293
1213
1214
1294
1215
1294
1295
1215
1216
1296
1217
1296
1297
1217
1218
1298
1219
1298
1299
1219
1220
1300
1221
1300
1301
1221
1222
1302
1223
1302
1303
1223
1224
1304
1225
1304
1305
1225
1226
1306
1227
1306
1307
1227
1228
1308
1229
1308
1309
1229
1230
1310
1231
1310
1311
1231
1232
1312
1233
1312
1313
1233
1234
1314
1235
1314
1315
1235
1236
1316
1237
1316
1317
1237
1238
1318
1239
1318
1319
1239
1240
1320
1241
1320
1321
1241
1242
1322
1243
1322
1323
1243
1244
1324
1245
1324
1325
1245
1246
1326
1247
1326
1327
1247
1248
1328
1249
1328
1329
1249
1250
1330
1251
1330
1331
1251
1252
1332
1253
1332
1333
1253
1254
1334
1255
1334
1335
1255
1256
1336
1257
1336
1337
1257
1258
1338
1259
1338
1339
1259
1260
1340
1261
1340
1341
1261
1262
1342
1263
1342
1343
1263
1264
1344
1265
1344
1345
1265
1266
1346
1267
1346
1347
1267
1268
1348
1269
1348
1349
1269
1270
1350
1271
1350
1351
1271
1272
1352
1273
1352
1353
1273
1274
1354
1275
1354
1355
1275
1276
1356
1277
1356
1357
1277
1278
1358
1279
1358
1359
1279
1280
1360
1281
1360
1361
1281
1282
1362
1283
1362
1363
1283
1284
1364
1285
1364
1365
1285
1286
1366
1287
1366
1367
1287
1288
1368
1289
1368
1369
1289
1290
1370
1291
1370
1371
1291
1292
1372
1293
1372
1373
1293
1294
1374
1295
1374
1375
1295
1296
1376
1297
1376
1377
1297
1298
1378
1299
1378
1379
1299
1300
1380
1301
1380
1381
1301
1302
1382
1303
1382
1383
1303
1304
1384
1305
1384
1385
1305
1306
1386
1307
1386
1387
1307
1308
1388
1309
1388
1389
1309
1310
1390
1311
1390
1391
1311
1312
1392
1313
1392
1393
1313
1314
1394
1315
1394
1395
1315
1316
1396
1317
1396
1397
1317
1318
1398
1319
1398
1399
1319
1320
1400
1321
1400
1401
1321
1322
1402
1323
1402
1403
1323
1324
1404
1325
1404
1405
1325
1326
1406
1327
1406
1407
1327
1328
1408
1329
1408
1409
1329
1330
1410
1331
1410
1411
1331
1332
1412
1333
1412
1413
1333
1334
1414
1335
1414
1415
1335
1336
1416
1337
1416
1417
1337
1338
1418
1339
1418
1419
1339
1340
1420
1341
1420
1421
1341
1342
1422
1343
1422
1423
1343
1344
1424
1345
1424
1425
1345
1346
1426
1347
1426
1427
1347
1348
1428
1349
1428
1429
1349
1350
1430
1351
1430
1431
1351
1352
1432
1353
1432
1433
1353
1354
1434
1355
1434
1435
1355
1356
1436
1357
1436
1437
1357
1358
1438
1359
1438
1439
1359
1360
1440
1361
1440
1441
1361
1362
1442
1363
1442
1443
1363
1364
1444
1365
1444
1445
1365
1366
1446
1367
1446
1447
1367
1368
1448
1369
1448
1449
1369
1370
1450
1371
1450
1451
1371
1372
1452
1373
1452
1453
1373
1374
1454
1375
1454
1455
1375
1376
1456
1377
1456
1457
1377
1378
1458
1379
1458
1459
1379
1380
1460
1381
1460
1461
1381
1382
1462
1383
1462
1463
1383
1384
1464
1385
1464
1465
1385
1386
1466
1387
1466
1467
1387
1388
1468
1389
1468
1469
1389
1390
1470
1391
1470
1471
1391
1392
1472
1393
1472
1473
1393
1394
1474
1395
1474
1475
1395
1396
1476
1397
1476
1477
1397
1398
1478
1399
1478
1479
1399
1400
1480
1401
1480
1481
1401
1402
1482
1403
1482
1483
1403
1404
1484
1405
1484
1485
1405
1406
1486
1407
1486
1487
1407
1408
1488
1409
1488
1489
1409
1410
1490
1411
1490
1491
1411
1412
1492
1413
1492
1493
1413
1414
1494
1415
1494
1495
1415
1416
1496
1417
1496
1497
1417
1418
1498
1419
1498
1499
1419
1420
1500
1421
1500
1501
1421
1422
1502
1423
1502
1503
1423
1424
1504
1425
1504
1505
1425
1426
1506
1427
1506
1507
1427
1428
1508
1429
1508
1509
1429
1430
1510
1431
1510
1511
1431
1432
1512
1433
1512
1513
1433
1434
1514
1435
1514
1515
1435
1436
1516
1437
1516
1517
1437
1438
1518
1439
1518
1519
1439
1440
1520
1441
1520
1521
1441
1442
1522
1443
1522
1523
1443
1444
1524
1445
1524
1525
1445
1446
1526
1447
1526
1527
1447
1448
1528
1449
1528
1529
1449
1450
1530
1451
1530
1531
1451
1452
1532
1453
1532
1533
1453
1454
1534
1455
1534
1535
1455
1456
1536
1457
1536
1537
1457
1458
1538
1459
1538
1539
1459
1460
1540
1461
1540
1541
1461
1462
1542
1463
1542
1543
1463
1464
1544
1465
1544
1545
1465
1466
1546
1467
1546
1547
1467
1468
1548
1469
1548
1549
1469
1470
1550
1471
1550
1551
1471
1472
1552
1473
1552
1553
1473
1474
1554
1475
1554
1555
1475
1476
1556
1477
1556
1557
1477
1478
1558
1479
1558
1559
1479
1480
1560
1481
1560
1561
1481
1482
1562
1483
1562
1563
1483
1484
1564
1485
1564
1565
1485
1486
1566
1487
1566
1567
1487
1488
1568
1489
1568
1569
1489
1490
1570
1491
1570
1571
1491
1492
1572
1493
1572
1573
1493
1494
1574
1495
1574
1575
1495
1496
1576
1497
1576
1577
1497
1498
1578
1499
1578
1579
1499
1500
1580
1501
1580
1581
1501
1502
1582
1503
1582
1583
1503
1504
1584
1505
1584
1585
1505
1506
1586
1507
1586
1587
1507
1508
1588
1509
1588
1589
1509
1510
1590
1511
1590
1591
1511
1512
1592
1513
1592
1593
1513
1514
1594
1515
1594
1595
1515
1516
1596
1517
1596
1597
1517
1518
1598
1519
1598
1599
1519
1601
1603
1600
1604
1600
1603
1602
1603
1601
1631
1632
1629
1611
1609
1610
1608
1609
1606
1606
1607
1608
1612
1605
1611
1611
1606
1609
1606
1611
1605
1612
1628
1629
1617
1618
1619
1605
1629
1604
1616
1617
1614
1614
1615
1616
1617
1613
1614
1619
1613
1617
1612
1629
1605
1628
1613
1619
1621
1619
1620
1628
1619
1621
1622
1624
1621
1622
1623
1624
1624
1626
1621
1624
1625
1626
1628
1621
1626
1628
1626
1627
1628
1612
1613
1604
1629
1639
1631
1629
1630
1629
1632
1633
1633
1636
1629
1633
1634
1636
1636
1634
1635
1629
1636
1638
1638
1636
1637
1638
1639
1629
1639
1600
1604
1641
1644
1642
1644
1641
1645
1642
1644
1643
1670
1673
1672
1651
1650
1652
1647
1650
1649
1649
1648
1647
1652
1646
1653
1650
1647
1652
1646
1652
1647
1670
1669
1653
1660
1659
1658
1645
1670
1646
1655
1658
1657
1657
1656
1655
1655
1654
1658
1658
1654
1660
1646
1670
1653
1660
1654
1669
1661
1660
1662
1662
1660
1669
1662
1665
1663
1665
1664
1663
1662
1667
1665
1667
1666
1665
1667
1662
1669
1668
1667
1669
1654
1653
1669
1680
1670
1645
1671
1670
1672
1674
1673
1670
1670
1677
1674
1677
1675
1674
1676
1675
1677
1679
1677
1670
1678
1677
1679
1670
1680
1679
1645
1641
1680
