0
16
1
16
17
1
2
18
3
18
19
3
4
20
5
20
21
5
6
22
7
22
23
7
8
24
9
24
25
9
10
26
11
26
27
11
12
28
13
28
29
13
14
30
15
30
31
15
16
32
17
32
33
17
18
34
19
34
35
19
20
36
21
36
37
21
22
38
23
38
39
23
24
40
25
40
41
25
26
42
27
42
43
27
28
44
29
44
45
29
30
46
31
46
47
31
32
48
33
48
49
33
34
50
35
50
51
35
36
52
37
52
53
37
38
54
39
54
55
39
40
56
41
56
57
41
42
58
43
58
59
43
44
60
45
60
61
45
46
62
47
62
63
47
48
64
49
64
65
49
50
66
51
66
67
51
52
68
53
68
69
53
54
70
55
70
71
55
56
72
57
72
73
57
58
74
59
74
75
59
60
76
61
76
77
61
62
78
63
78
79
63
64
80
65
80
81
65
66
82
67
82
83
67
68
84
69
84
85
69
70
86
71
86
87
71
72
88
73
88
89
73
74
90
75
90
91
75
76
92
77
92
93
77
78
94
79
94
95
79
80
96
81
96
97
81
82
98
83
98
99
83
84
100
85
100
101
85
86
102
87
102
103
87
88
104
89
104
105
89
90
106
91
106
107
91
92
108
93
108
109
93
94
110
95
110
111
95
96
112
97
112
113
97
98
114
99
114
115
99
100
116
101
116
117
101
102
118
103
118
119
103
104
120
105
120
121
105
106
122
107
122
123
107
108
124
109
124
125
109
110
126
111
126
127
111
112
128
113
128
129
113
114
130
115
130
131
115
116
132
117
132
133
117
118
134
119
134
135
119
120
136
121
136
137
121
122
138
123
138
139
123
124
140
125
140
141
125
126
142
127
142
143
127
128
144
129
144
145
129
130
146
131
146
147
131
132
148
133
148
149
133
134
150
135
150
151
135
136
152
137
152
153
137
138
154
139
154
155
139
140
156
141
156
157
141
142
158
143
158
159
143
144
160
145
160
161
145
146
162
147
162
163
147
148
164
149
164
165
149
150
166
151
166
167
151
152
168
153
168
169
153
154
170
155
170
171
155
156
172
157
172
173
157
158
174
159
174
175
159
160
176
161
176
177
161
162
178
163
178
179
163
164
180
165
180
181
165
166
182
167
182
183
167
168
184
169
184
185
169
170
186
171
186
187
171
172
188
173
188
189
173
174
190
175
190
191
175
176
192
177
192
193
177
178
194
179
194
195
179
180
196
181
196
197
181
182
198
183
198
199
183
184
200
185
200
201
185
186
202
187
202
203
187
188
204
189
204
205
189
190
206
191
206
207
191
192
208
193
208
209
193
194
210
195
210
211
195
196
212
197
212
213
197
198
214
199
214
215
199
200
216
201
216
217
201
202
218
203
218
219
203
204
220
205
220
221
205
206
222
207
222
223
207
208
224
209
224
225
209
210
226
211
226
227
211
212
228
213
228
229
213
214
230
215
230
231
215
216
232
217
232
233
217
218
234
219
234
235
219
220
236
221
236
237
221
222
238
223
238
239
223
224
240
225
240
241
225
226
242
227
242
243
227
228
244
229
244
245
229
230
246
231
246
247
231
232
248
233
248
249
233
234
250
235
250
251
235
236
252
237
252
253
237
238
254
239
254
255
239
240
256
241
256
257
241
242
258
243
258
259
243
244
260
245
260
261
245
246
262
247
262
263
247
248
264
249
264
265
249
250
266
251
266
267
251
252
268
253
268
269
253
254
270
255
270
271
255
256
272
257
272
273
257
258
274
259
274
275
259
260
276
261
276
277
261
262
278
263
278
279
263
264
280
265
280
281
265
266
282
267
282
283
267
268
284
269
284
285
269
270
286
271
286
287
271
272
288
273
288
289
273
274
290
275
290
291
275
276
292
277
292
293
277
278
294
279
294
295
279
280
296
281
296
297
281
282
298
283
298
299
283
284
300
285
300
301
285
286
302
287
302
303
287
288
304
289
304
305
289
290
306
291
306
307
291
292
308
293
308
309
293
294
310
295
310
311
295
296
312
297
312
313
297
298
314
299
314
315
299
300
316
301
316
317
301
302
318
303
318
319
303
304
320
305
320
321
305
306
322
307
322
323
307
308
324
309
324
325
309
310
326
311
326
327
311
312
328
313
328
329
313
314
330
315
330
331
315
316
332
317
332
333
317
318
334
319
334
335
319
320
336
321
336
337
321
322
338
323
338
339
323
324
340
325
340
341
325
326
342
327
342
343
327
328
344
329
344
345
329
330
346
331
346
347
331
332
348
333
348
349
333
334
350
335
350
351
335
336
352
337
352
353
337
338
354
339
354
355
339
340
356
341
356
357
341
342
358
343
358
359
343
344
360
345
360
361
345
346
362
347
362
363
347
348
364
349
364
365
349
350
366
351
366
367
351
352
368
353
368
369
353
354
370
355
370
371
355
356
372
357
372
373
357
358
374
359
374
375
359
360
376
361
376
377
361
362
378
363
378
379
363
364
380
365
380
381
365
366
382
367
382
383
367
368
384
369
384
385
369
370
386
371
386
387
371
372
388
373
388
389
373
374
390
375
390
391
375
376
392
377
392
393
377
378
394
379
394
395
379
380
396
381
396
397
381
382
398
383
398
399
383
407
400
406
405
406
403
401
402
400
403
400
402
403
404
405
403
406
400
415
409
416
412
415
414
409
411
410
411
409
412
414
413
412
409
415
412
