0
56
1
56
57
1
2
58
3
58
59
3
4
60
5
60
61
5
6
62
7
62
63
7
8
64
9
64
65
9
10
66
11
66
67
11
12
68
13
68
69
13
14
70
15
70
71
15
16
72
17
72
73
17
18
74
19
74
75
19
20
76
21
76
77
21
22
78
23
78
79
23
24
80
25
80
81
25
26
82
27
82
83
27
28
84
29
84
85
29
30
86
31
86
87
31
32
88
33
88
89
33
34
90
35
90
91
35
36
92
37
92
93
37
38
94
39
94
95
39
40
96
41
96
97
41
42
98
43
98
99
43
44
100
45
100
101
45
46
102
47
102
103
47
48
104
49
104
105
49
50
106
51
106
107
51
52
108
53
108
109
53
54
110
55
110
111
55
56
112
57
112
113
57
58
114
59
114
115
59
60
116
61
116
117
61
62
118
63
118
119
63
64
120
65
120
121
65
66
122
67
122
123
67
68
124
69
124
125
69
70
126
71
126
127
71
72
128
73
128
129
73
74
130
75
130
131
75
76
132
77
132
133
77
78
134
79
134
135
79
80
136
81
136
137
81
82
138
83
138
139
83
84
140
85
140
141
85
86
142
87
142
143
87
88
144
89
144
145
89
90
146
91
146
147
91
92
148
93
148
149
93
94
150
95
150
151
95
96
152
97
152
153
97
98
154
99
154
155
99
100
156
101
156
157
101
102
158
103
158
159
103
104
160
105
160
161
105
106
162
107
162
163
107
108
164
109
164
165
109
110
166
111
166
167
111
112
168
113
168
169
113
114
170
115
170
171
115
116
172
117
172
173
117
118
174
119
174
175
119
120
176
121
176
177
121
122
178
123
178
179
123
124
180
125
180
181
125
126
182
127
182
183
127
128
184
129
184
185
129
130
186
131
186
187
131
132
188
133
188
189
133
134
190
135
190
191
135
136
192
137
192
193
137
138
194
139
194
195
139
140
196
141
196
197
141
142
198
143
198
199
143
144
200
145
200
201
145
146
202
147
202
203
147
148
204
149
204
205
149
150
206
151
206
207
151
152
208
153
208
209
153
154
210
155
210
211
155
156
212
157
212
213
157
158
214
159
214
215
159
160
216
161
216
217
161
162
218
163
218
219
163
164
220
165
220
221
165
166
222
167
222
223
167
168
224
169
224
225
169
170
226
171
226
227
171
172
228
173
228
229
173
174
230
175
230
231
175
176
232
177
232
233
177
178
234
179
234
235
179
180
236
181
236
237
181
182
238
183
238
239
183
184
240
185
240
241
185
186
242
187
242
243
187
188
244
189
244
245
189
190
246
191
246
247
191
192
248
193
248
249
193
194
250
195
250
251
195
196
252
197
252
253
197
198
254
199
254
255
199
200
256
201
256
257
201
202
258
203
258
259
203
204
260
205
260
261
205
206
262
207
262
263
207
208
264
209
264
265
209
210
266
211
266
267
211
212
268
213
268
269
213
214
270
215
270
271
215
216
272
217
272
273
217
218
274
219
274
275
219
220
276
221
276
277
221
222
278
223
278
279
223
224
280
225
280
281
225
226
282
227
282
283
227
228
284
229
284
285
229
230
286
231
286
287
231
232
288
233
288
289
233
234
290
235
290
291
235
236
292
237
292
293
237
238
294
239
294
295
239
240
296
241
296
297
241
242
298
243
298
299
243
244
300
245
300
301
245
246
302
247
302
303
247
248
304
249
304
305
249
250
306
251
306
307
251
252
308
253
308
309
253
254
310
255
310
311
255
256
312
257
312
313
257
258
314
259
314
315
259
260
316
261
316
317
261
262
318
263
318
319
263
264
320
265
320
321
265
266
322
267
322
323
267
268
324
269
324
325
269
270
326
271
326
327
271
272
328
273
328
329
273
274
330
275
330
331
275
276
332
277
332
333
277
278
334
279
334
335
279
280
336
281
336
337
281
282
338
283
338
339
283
284
340
285
340
341
285
286
342
287
342
343
287
288
344
289
344
345
289
290
346
291
346
347
291
292
348
293
348
349
293
294
350
295
350
351
295
296
352
297
352
353
297
298
354
299
354
355
299
300
356
301
356
357
301
302
358
303
358
359
303
304
360
305
360
361
305
306
362
307
362
363
307
308
364
309
364
365
309
310
366
311
366
367
311
312
368
313
368
369
313
314
370
315
370
371
315
316
372
317
372
373
317
318
374
319
374
375
319
320
376
321
376
377
321
322
378
323
378
379
323
324
380
325
380
381
325
326
382
327
382
383
327
328
384
329
384
385
329
330
386
331
386
387
331
332
388
333
388
389
333
334
390
335
390
391
335
400
401
402
407
408
410
392
393
415
398
399
400
397
394
395
403
405
400
397
395
396
397
405
394
398
400
397
400
405
397
402
403
400
393
405
406
393
410
411
404
405
403
405
393
394
410
406
407
409
410
408
410
393
406
412
393
411
393
412
413
413
414
393
415
393
414
392
418
419
415
416
418
417
418
416
418
392
415
431
430
429
439
437
436
444
422
421
429
428
427
424
423
426
429
434
432
425
424
426
423
434
426
426
429
427
426
434
429
429
432
431
435
434
422
440
439
422
432
434
433
423
422
434
436
435
439
437
439
438
435
422
439
440
422
441
442
441
422
422
443
442
443
422
444
448
447
421
447
445
444
445
447
446
444
421
447
