0
48
1
48
49
1
2
50
3
50
51
3
4
52
5
52
53
5
6
54
7
54
55
7
8
56
9
56
57
9
10
58
11
58
59
11
12
60
13
60
61
13
14
62
15
62
63
15
16
64
17
64
65
17
18
66
19
66
67
19
20
68
21
68
69
21
22
70
23
70
71
23
24
72
25
72
73
25
26
74
27
74
75
27
28
76
29
76
77
29
30
78
31
78
79
31
32
80
33
80
81
33
34
82
35
82
83
35
36
84
37
84
85
37
38
86
39
86
87
39
40
88
41
88
89
41
42
90
43
90
91
43
44
92
45
92
93
45
46
94
47
94
95
47
119
96
97
98
119
97
119
99
118
100
118
99
115
116
102
115
102
103
114
103
104
105
113
104
106
112
105
106
107
111
107
108
110
109
110
108
107
110
111
111
112
106
112
113
105
102
116
101
113
114
104
103
114
115
117
100
101
116
117
101
117
118
100
119
98
99
122
121
144
122
144
123
143
124
144
124
143
125
127
141
140
128
127
140
129
128
139
129
138
130
130
137
131
136
132
131
135
133
132
133
135
134
136
135
132
131
137
136
130
138
137
126
141
127
129
139
138
140
139
128
126
125
142
126
142
141
125
143
142
124
123
144
