0
30
1
30
31
1
2
32
3
32
33
3
4
34
5
34
35
5
6
36
7
36
37
7
8
38
9
38
39
9
10
40
11
40
41
11
12
42
13
42
43
13
14
44
15
44
45
15
16
46
17
46
47
17
18
48
19
48
49
19
20
50
21
50
51
21
22
52
23
52
53
23
24
54
25
54
55
25
26
56
27
56
57
27
28
58
29
58
59
29
73
63
74
65
72
71
74
63
62
70
67
65
67
70
68
65
67
66
71
70
65
69
68
70
64
72
65
73
72
63
64
63
72
62
61
74
74
61
60
90
79
89
87
88
81
78
79
90
81
83
86
84
86
83
82
83
81
81
86
87
86
84
85
81
88
80
79
88
89
88
79
80
90
77
78
76
77
90
