0
14
1
14
15
1
2
16
3
16
17
3
4
18
5
18
19
5
6
20
7
20
21
7
8
22
9
22
23
9
10
24
11
24
25
11
12
26
13
26
27
13
14
28
15
28
29
15
16
30
17
30
31
17
18
32
19
32
33
19
20
34
21
34
35
21
22
36
23
36
37
23
24
38
25
38
39
25
26
40
27
40
41
27
28
42
29
42
43
29
30
44
31
44
45
31
32
46
33
46
47
33
34
48
35
48
49
35
36
50
37
50
51
37
38
52
39
52
53
39
40
54
41
54
55
41
42
56
43
56
57
43
44
58
45
58
59
45
46
60
47
60
61
47
48
62
49
62
63
49
50
64
51
64
65
51
52
66
53
66
67
53
54
68
55
68
69
55
56
70
57
70
71
57
58
72
59
72
73
59
60
74
61
74
75
61
62
76
63
76
77
63
64
78
65
78
79
65
66
80
67
80
81
67
68
82
69
82
83
69
70
84
71
84
85
71
72
86
73
86
87
73
74
88
75
88
89
75
76
90
77
90
91
77
78
92
79
92
93
79
80
94
81
94
95
81
82
96
83
96
97
83
84
98
85
98
99
85
86
100
87
100
101
87
88
102
89
102
103
89
90
104
91
104
105
91
92
106
93
106
107
93
94
108
95
108
109
95
96
110
97
110
111
97
98
112
99
112
113
99
100
114
101
114
115
101
102
116
103
116
117
103
104
118
105
118
119
105
106
120
107
120
121
107
108
122
109
122
123
109
110
124
111
124
125
111
112
126
113
126
127
113
114
128
115
128
129
115
116
130
117
130
131
117
118
132
119
132
133
119
120
134
121
134
135
121
122
136
123
136
137
123
124
138
125
138
139
125
126
140
127
140
141
127
128
142
129
142
143
129
130
144
131
144
145
131
132
146
133
146
147
133
134
148
135
148
149
135
136
150
137
150
151
137
138
152
139
152
153
139
140
154
141
154
155
141
142
156
143
156
157
143
144
158
145
158
159
145
146
160
147
160
161
147
148
162
149
162
163
149
150
164
151
164
165
151
152
166
153
166
167
153
154
168
155
168
169
155
156
170
157
170
171
157
158
172
159
172
173
159
160
174
161
174
175
161
162
176
163
176
177
163
164
178
165
178
179
165
166
180
167
180
181
167
168
182
169
182
183
169
170
184
171
184
185
171
172
186
173
186
187
173
174
188
175
188
189
175
176
190
177
190
191
177
178
192
179
192
193
179
180
194
181
194
195
181
182
196
183
196
197
183
184
198
185
198
199
185
186
200
187
200
201
187
188
202
189
202
203
189
190
204
191
204
205
191
192
206
193
206
207
193
194
208
195
208
209
195
196
210
197
210
211
197
198
212
199
212
213
199
200
214
201
214
215
201
202
216
203
216
217
203
204
218
205
218
219
205
206
220
207
220
221
207
208
222
209
222
223
209
210
224
211
224
225
211
212
226
213
226
227
213
214
228
215
228
229
215
216
230
217
230
231
217
218
232
219
232
233
219
220
234
221
234
235
221
222
236
223
236
237
223
240
239
238
244
242
241
238
241
240
238
244
241
242
244
243
246
247
248
249
250
252
248
249
246
249
252
246
251
252
250
