0
12
1
12
13
1
2
14
3
14
15
3
4
16
5
16
17
5
6
18
7
18
19
7
8
20
9
20
21
9
10
22
11
22
23
11
12
24
13
24
25
13
14
26
15
26
27
15
16
28
17
28
29
17
18
30
19
30
31
19
20
32
21
32
33
21
22
34
23
34
35
23
24
36
25
36
37
25
26
38
27
38
39
27
28
40
29
40
41
29
30
42
31
42
43
31
32
44
33
44
45
33
34
46
35
46
47
35
36
48
37
48
49
37
38
50
39
50
51
39
40
52
41
52
53
41
42
54
43
54
55
43
44
56
45
56
57
45
46
58
47
58
59
47
48
60
49
60
61
49
50
62
51
62
63
51
52
64
53
64
65
53
54
66
55
66
67
55
56
68
57
68
69
57
58
70
59
70
71
59
60
72
61
72
73
61
62
74
63
74
75
63
64
76
65
76
77
65
66
78
67
78
79
67
68
80
69
80
81
69
70
82
71
82
83
71
72
84
73
84
85
73
74
86
75
86
87
75
76
88
77
88
89
77
78
90
79
90
91
79
80
92
81
92
93
81
82
94
83
94
95
83
84
96
85
96
97
85
86
98
87
98
99
87
88
100
89
100
101
89
90
102
91
102
103
91
92
104
93
104
105
93
94
106
95
106
107
95
96
108
97
108
109
97
98
110
99
110
111
99
100
112
101
112
113
101
102
114
103
114
115
103
104
116
105
116
117
105
106
118
107
118
119
107
108
120
109
120
121
109
110
122
111
122
123
111
112
124
113
124
125
113
114
126
115
126
127
115
116
128
117
128
129
117
118
130
119
130
131
119
120
132
121
132
133
121
122
134
123
134
135
123
124
136
125
136
137
125
126
138
127
138
139
127
128
140
129
140
141
129
130
142
131
142
143
131
132
144
133
144
145
133
134
146
135
146
147
135
136
148
137
148
149
137
138
150
139
150
151
139
140
152
141
152
153
141
142
154
143
154
155
143
159
158
161
161
158
157
156
161
157
160
159
161
168
165
166
164
165
168
164
168
163
168
166
167
