28
17
18
36
0
1
34
1
2
14
12
13
3
33
2
4
5
6
7
4
6
8
4
7
29
4
8
8
9
28
17
9
10
10
11
16
14
11
12
204
96
101
76
77
83
15
11
14
11
15
16
10
16
17
298
299
297
17
28
9
4
32
3
305
306
308
19
26
18
19
20
21
19
21
22
22
25
19
22
23
25
25
23
24
19
25
26
18
26
27
28
18
27
29
30
4
29
8
28
31
4
30
31
32
4
3
32
33
2
33
34
35
1
34
35
36
1
0
36
37
38
0
37
448
0
38
39
40
448
239
240
241
52
50
51
435
49
434
200
201
103
61
62
405
66
67
402
394
70
71
72
88
71
73
87
72
74
86
73
75
85
74
76
84
75
78
81
77
78
79
80
80
81
78
82
77
81
83
77
82
76
83
84
84
85
75
74
85
86
87
73
86
87
88
72
88
89
71
393
219
392
387
388
227
441
47
440
94
207
93
205
94
95
95
96
204
97
101
96
101
97
98
98
99
101
101
99
100
154
155
117
102
203
101
102
103
201
105
194
104
198
103
104
106
107
105
191
105
107
181
107
108
109
170
108
152
153
122
157
110
111
156
113
114
113
156
112
128
129
127
114
115
155
155
115
116
155
116
117
154
117
118
154
118
119
120
153
119
121
153
120
121
122
153
123
152
122
124
151
123
145
127
132
150
125
126
126
127
145
131
129
130
127
129
132
132
129
131
150
124
125
126
145
146
145
133
134
134
135
136
136
137
134
138
145
137
137
145
134
142
143
140
139
140
143
142
140
141
144
139
143
138
139
144
138
144
145
145
132
133
126
146
149
148
146
147
146
148
149
149
150
126
150
151
124
151
152
123
112
156
111
154
119
153
109
110
157
114
155
156
156
157
111
157
158
109
158
159
109
109
159
160
160
161
109
161
162
109
163
109
162
109
163
164
109
164
165
166
109
165
109
166
167
109
167
168
168
169
109
109
169
170
171
108
170
173
108
171
171
172
173
108
173
174
174
175
108
108
175
176
225
223
224
176
177
108
178
108
177
178
179
108
180
108
179
108
180
181
182
107
181
183
107
182
107
183
184
107
184
185
185
186
107
187
107
186
187
188
107
107
188
189
190
107
189
205
95
204
191
107
190
92
93
209
192
105
191
193
105
192
194
105
193
195
104
194
197
104
196
196
104
195
91
92
394
104
197
198
103
198
199
199
200
103
202
203
102
102
201
202
204
101
203
94
205
206
207
94
206
93
207
208
209
93
208
209
210
92
92
210
211
92
211
394
394
211
212
213
394
212
213
214
394
215
394
214
215
216
394
394
216
217
229
382
383
221
222
220
225
220
222
225
222
223
225
219
220
219
225
392
225
226
390
228
229
227
372
373
234
230
231
232
426
427
53
445
43
44
236
369
235
445
446
43
238
366
237
241
238
239
447
40
41
243
244
242
359
248
358
244
245
360
245
246
248
247
248
246
327
342
343
333
334
330
252
253
255
254
255
253
267
252
255
267
255
256
260
256
257
259
257
258
257
259
260
256
260
261
261
267
256
262
267
261
264
262
263
264
267
262
265
266
264
344
252
267
267
264
266
267
268
317
268
269
270
270
317
268
270
271
273
271
272
273
270
273
317
275
273
274
273
275
276
273
276
317
278
276
277
276
278
317
280
278
279
311
278
280
311
280
281
282
283
281
284
281
283
284
311
281
311
284
285
286
311
285
287
289
286
288
289
287
311
286
289
311
289
290
292
290
291
290
292
293
290
293
295
294
295
293
295
297
290
295
296
297
290
297
303
297
299
300
303
297
300
301
302
300
303
300
302
290
303
311
304
308
303
305
308
304
308
306
307
303
308
311
309
310
308
310
311
308
278
311
317
312
315
311
312
313
315
315
313
314
316
311
315
316
317
311
327
267
317
317
318
324
323
318
319
320
321
319
322
319
321
323
319
322
323
324
318
317
324
325
325
326
317
327
317
326
267
327
344
327
328
342
328
329
335
329
330
334
332
333
331
333
330
331
329
334
335
328
335
336
336
337
328
328
337
338
328
338
340
340
338
339
340
341
328
341
342
328
251
252
345
343
344
327
345
252
344
251
355
250
351
352
346
351
346
347
349
350
348
348
351
347
351
348
350
345
346
354
355
251
345
353
346
352
353
354
346
250
356
249
354
355
345
358
248
249
356
250
355
357
249
356
245
248
360
357
358
249
242
244
361
359
360
248
364
241
242
361
244
360
366
238
241
361
362
242
236
237
367
363
242
362
234
235
371
363
364
242
365
241
364
374
233
234
365
366
241
376
232
233
367
237
366
230
232
376
368
236
367
368
369
236
433
50
52
235
369
370
371
235
370
371
372
234
234
373
374
233
374
375
375
376
233
376
378
230
226
227
388
409
410
58
230
378
229
229
386
227
229
378
379
229
379
380
381
229
380
229
381
382
218
219
394
59
60
407
384
229
383
384
385
229
386
229
385
217
218
394
227
386
387
394
90
91
226
388
389
389
390
226
69
394
395
392
225
390
402
67
68
392
390
391
90
394
89
70
394
69
397
68
69
219
393
394
71
89
394
398
68
397
69
395
396
396
397
69
62
63
405
398
399
68
65
402
403
400
68
399
400
401
68
64
65
403
63
64
404
402
68
401
66
402
65
404
64
403
404
405
63
60
61
407
406
61
405
407
61
406
59
409
58
59
407
408
59
408
409
58
414
57
56
57
420
411
58
410
411
412
58
56
421
55
412
413
58
58
413
414
415
57
414
415
416
57
420
57
417
417
57
416
418
419
417
419
420
417
421
56
420
422
54
55
376
377
378
55
421
422
54
422
423
53
54
426
54
423
424
52
53
432
424
425
54
434
49
50
54
425
426
436
48
49
429
53
427
429
427
428
430
53
429
47
48
439
431
53
430
432
53
431
433
52
432
433
434
50
47
442
46
435
436
49
436
437
48
438
48
437
438
439
48
47
439
440
45
46
443
442
47
441
443
46
442
45
445
44
444
45
443
444
445
45
446
42
43
41
42
447
447
42
446
448
40
447
38
39
448
