3
2
19
19
2
20
14
7
15
17
4
18
18
4
3
5
16
6
5
4
17
6
16
15
24
23
32
9
14
13
14
9
8
13
10
9
12
11
10
10
13
12
30
26
25
7
14
8
6
15
7
18
3
19
16
5
17
40
39
21
41
40
20
23
22
34
22
21
38
27
29
28
29
26
30
36
35
34
26
29
27
47
45
44
34
33
23
46
45
47
25
24
31
31
30
25
33
32
23
31
24
32
43
48
44
2
42
20
34
22
36
1
42
2
22
38
37
22
37
36
21
39
38
42
41
20
21
20
40
42
1
48
43
42
48
1
0
48
44
48
47
