0
26
1
26
27
1
2
28
3
28
29
3
4
30
5
30
31
5
6
32
7
32
33
7
8
34
9
34
35
9
10
36
11
36
37
11
12
38
13
38
39
13
14
40
15
40
41
15
16
42
17
42
43
17
18
44
19
44
45
19
20
46
21
46
47
21
22
48
23
48
49
23
24
50
25
50
51
25
53
62
64
58
59
60
57
58
56
61
62
54
56
58
60
60
55
56
60
61
55
55
61
54
62
53
54
63
64
62
64
52
53
78
76
67
74
73
72
70
72
71
68
76
75
74
72
70
70
69
74
69
75
74
68
75
69
68
67
76
76
78
77
67
66
78
