0
26
1
26
27
1
2
28
3
28
29
3
4
30
5
30
31
5
6
32
7
32
33
7
8
34
9
34
35
9
10
36
11
36
37
11
12
38
13
38
39
13
14
40
15
40
41
15
16
42
17
42
43
17
18
44
19
44
45
19
20
46
21
46
47
21
22
48
23
48
49
23
24
50
25
50
51
25
64
55
56
57
63
64
55
52
53
54
55
53
61
59
60
63
61
62
57
58
63
59
61
58
61
63
58
56
57
64
52
55
64
70
69
78
78
77
71
67
66
69
67
69
68
74
73
75
76
75
77
77
72
71
72
75
73
72
77
75
78
71
70
78
69
66
