0
70
1
70
71
1
2
72
3
72
73
3
4
74
5
74
75
5
6
76
7
76
77
7
8
78
9
78
79
9
10
80
11
80
81
11
12
82
13
82
83
13
14
84
15
84
85
15
16
86
17
86
87
17
18
88
19
88
89
19
20
90
21
90
91
21
22
92
23
92
93
23
24
94
25
94
95
25
26
96
27
96
97
27
28
98
29
98
99
29
30
100
31
100
101
31
32
102
33
102
103
33
34
104
35
104
105
35
36
106
37
106
107
37
38
108
39
108
109
39
40
110
41
110
111
41
42
112
43
112
113
43
44
114
45
114
115
45
46
116
47
116
117
47
48
118
49
118
119
49
50
120
51
120
121
51
52
122
53
122
123
53
54
124
55
124
125
55
56
126
57
126
127
57
58
128
59
128
129
59
60
130
61
130
131
61
62
132
63
132
133
63
64
134
65
134
135
65
66
136
67
136
137
67
68
138
69
138
139
69
143
142
141
160
165
164
145
144
146
146
144
143
148
147
149
150
149
151
146
149
147
160
152
151
151
149
146
160
157
156
151
146
160
153
156
154
155
154
156
157
160
158
152
156
153
160
156
152
143
160
146
158
160
159
166
165
160
143
141
160
163
162
160
162
161
160
160
168
166
160
164
163
168
167
166
168
160
141
170
169
168
172
170
168
172
168
141
141
173
172
172
171
170
174
141
140
141
174
173
177
178
179
200
201
196
182
180
181
179
180
182
185
183
184
187
185
186
183
185
182
187
188
196
182
185
187
192
193
196
196
182
187
190
192
189
192
190
191
194
196
193
189
192
188
188
192
196
182
196
179
195
196
194
196
201
202
196
177
179
196
198
199
196
197
198
202
204
196
199
200
196
202
203
204
177
196
204
204
205
206
204
206
208
177
204
208
208
209
177
206
207
208
176
177
210
209
210
177
