0
76
1
76
77
1
2
78
3
78
79
3
4
80
5
80
81
5
6
82
7
82
83
7
8
84
9
84
85
9
10
86
11
86
87
11
12
88
13
88
89
13
14
90
15
90
91
15
16
92
17
92
93
17
18
94
19
94
95
19
20
96
21
96
97
21
22
98
23
98
99
23
24
100
25
100
101
25
26
102
27
102
103
27
28
104
29
104
105
29
30
106
31
106
107
31
32
108
33
108
109
33
34
110
35
110
111
35
36
112
37
112
113
37
38
114
39
114
115
39
40
116
41
116
117
41
42
118
43
118
119
43
44
120
45
120
121
45
46
122
47
122
123
47
48
124
49
124
125
49
50
126
51
126
127
51
52
128
53
128
129
53
54
130
55
130
131
55
56
132
57
132
133
57
58
134
59
134
135
59
60
136
61
136
137
61
62
138
63
138
139
63
64
140
65
140
141
65
66
142
67
142
143
67
68
144
69
144
145
69
70
146
71
146
147
71
72
148
73
148
149
73
74
150
75
150
151
75
182
183
186
153
154
189
154
155
180
155
156
157
155
157
158
158
159
155
180
155
159
180
159
160
167
179
164
178
179
171
164
165
167
165
166
167
167
168
179
171
168
169
170
171
169
176
177
175
172
174
171
174
172
173
171
174
178
174
175
178
179
180
162
177
178
175
179
168
171
179
163
164
162
180
161
161
180
160
188
154
180
162
163
179
182
186
181
183
184
185
186
183
185
186
187
181
181
188
180
187
188
181
154
188
189
189
152
153
225
222
221
228
193
192
219
194
193
196
195
194
197
196
194
194
198
197
198
194
219
199
198
219
203
218
206
210
218
217
206
204
203
206
205
204
218
207
206
208
207
210
208
210
209
214
216
215
210
213
211
212
211
213
217
213
210
217
214
213
201
219
218
214
217
216
210
207
218
203
202
218
200
219
201
199
219
200
219
193
227
218
202
201
220
225
221
224
223
222
224
222
225
220
226
225
219
227
220
220
227
226
228
227
193
192
191
228
