0
28
1
28
29
1
2
30
3
30
31
3
4
32
5
32
33
5
6
34
7
34
35
7
8
36
9
36
37
9
10
38
11
38
39
11
12
40
13
40
41
13
14
42
15
42
43
15
16
44
17
44
45
17
18
46
19
46
47
19
20
48
21
48
49
21
22
50
23
50
51
23
24
52
25
52
53
25
26
54
27
54
55
27
67
68
66
58
59
62
57
65
66
57
58
62
61
59
60
62
59
61
64
65
63
65
62
63
65
57
62
69
56
57
66
68
69
66
69
57
81
83
82
77
74
73
81
80
72
77
73
72
75
74
76
76
74
77
78
80
79
78
77
80
77
72
80
72
71
84
84
83
81
72
84
81
