0
36
1
36
37
1
2
38
3
38
39
3
4
40
5
40
41
5
6
42
7
42
43
7
8
44
9
44
45
9
10
46
11
46
47
11
12
48
13
48
49
13
14
50
15
50
51
15
16
52
17
52
53
17
18
54
19
54
55
19
20
56
21
56
57
21
22
58
23
58
59
23
24
60
25
60
61
25
26
62
27
62
63
27
28
64
29
64
65
29
30
66
31
66
67
31
32
68
33
68
69
33
34
70
35
70
71
35
77
76
74
79
88
81
74
76
75
74
73
78
74
78
77
73
72
78
80
79
81
79
78
72
81
83
82
86
85
84
83
81
88
86
84
83
87
86
88
83
88
86
88
72
89
72
88
79
93
95
96
100
107
98
94
95
93
97
92
93
96
97
93
97
91
92
100
98
99
91
97
98
101
102
100
103
104
105
107
100
102
102
103
105
107
105
106
105
107
102
108
91
107
98
107
91
