0
24
1
24
25
1
2
26
3
26
27
3
4
28
5
28
29
5
6
30
7
30
31
7
8
32
9
32
33
9
10
34
11
34
35
11
12
36
13
36
37
13
14
38
15
38
39
15
16
40
17
40
41
17
18
42
19
42
43
19
20
44
21
44
45
21
22
46
23
46
47
23
59
56
57
48
49
59
50
59
49
56
54
55
52
53
59
54
56
53
59
51
52
56
59
53
59
57
58
51
59
50
70
69
72
72
62
61
62
72
63
68
67
69
72
66
65
66
69
67
65
64
72
66
72
69
71
70
72
63
72
64
