0
26
1
26
27
1
2
28
3
28
29
3
4
30
5
30
31
5
6
32
7
32
33
7
8
34
9
34
35
9
10
36
11
36
37
11
12
38
13
38
39
13
14
40
15
40
41
15
16
42
17
42
43
17
18
44
19
44
45
19
20
46
21
46
47
21
22
48
23
48
49
23
24
50
25
50
51
25
58
59
60
53
54
52
64
54
62
56
60
61
57
58
60
60
56
57
55
56
61
54
55
62
61
62
55
52
54
64
63
64
62
74
73
72
66
68
67
76
68
78
75
74
70
74
72
71
71
70
74
75
70
69
76
69
68
69
76
75
78
68
66
76
78
77
