0
24
1
24
25
1
2
26
3
26
27
3
4
28
5
28
29
5
6
30
7
30
31
7
8
32
9
32
33
9
10
34
11
34
35
11
12
36
13
36
37
13
14
38
15
38
39
15
16
40
17
40
41
17
18
42
19
42
43
19
20
44
21
44
45
21
22
46
23
46
47
23
58
48
51
48
49
51
50
51
49
53
51
52
55
56
57
53
54
57
55
57
54
58
59
48
58
53
57
53
58
51
64
61
71
64
62
61
62
64
63
65
64
66
70
69
68
70
67
66
67
70
68
61
72
71
70
66
71
64
71
66
