0
14
1
14
15
1
2
16
3
16
17
3
4
18
5
18
19
5
6
20
7
20
21
7
8
22
9
22
23
9
10
24
11
24
25
11
12
26
13
26
27
13
14
28
15
28
29
15
16
30
17
30
31
17
18
32
19
32
33
19
20
34
21
34
35
21
22
36
23
36
37
23
24
38
25
38
39
25
26
40
27
40
41
27
28
42
29
42
43
29
30
44
31
44
45
31
32
46
33
46
47
33
34
48
35
48
49
35
36
50
37
50
51
37
38
52
39
52
53
39
40
54
41
54
55
41
42
56
43
56
57
43
44
58
45
58
59
45
46
60
47
60
61
47
48
62
49
62
63
49
50
64
51
64
65
51
52
66
53
66
67
53
54
68
55
68
69
55
56
70
57
70
71
57
58
72
59
72
73
59
60
74
61
74
75
61
62
76
63
76
77
63
64
78
65
78
79
65
66
80
67
80
81
67
68
82
69
82
83
69
86
85
84
84
87
86
89
88
87
84
90
87
90
89
87
92
93
94
94
95
92
95
96
97
95
98
92
95
97
98
