0
24
1
24
25
1
2
26
3
26
27
3
4
28
5
28
29
5
6
30
7
30
31
7
8
32
9
32
33
9
10
34
11
34
35
11
12
36
13
36
37
13
14
38
15
38
39
15
16
40
17
40
41
17
18
42
19
42
43
19
20
44
21
44
45
21
22
46
23
46
47
23
24
48
25
48
49
25
26
50
27
50
51
27
28
52
29
52
53
29
30
54
31
54
55
31
32
56
33
56
57
33
34
58
35
58
59
35
36
60
37
60
61
37
38
62
39
62
63
39
40
64
41
64
65
41
42
66
43
66
67
43
44
68
45
68
69
45
46
70
47
70
71
47
48
72
49
72
73
49
50
74
51
74
75
51
52
76
53
76
77
53
54
78
55
78
79
55
56
80
57
80
81
57
58
82
59
82
83
59
60
84
61
84
85
61
62
86
63
86
87
63
64
88
65
88
89
65
66
90
67
90
91
67
68
92
69
92
93
69
70
94
71
94
95
71
72
96
73
96
97
73
74
98
75
98
99
75
76
100
77
100
101
77
78
102
79
102
103
79
80
104
81
104
105
81
82
106
83
106
107
83
84
108
85
108
109
85
86
110
87
110
111
87
88
112
89
112
113
89
90
114
91
114
115
91
92
116
93
116
117
93
94
118
95
118
119
95
96
120
97
120
121
97
98
122
99
122
123
99
100
124
101
124
125
101
102
126
103
126
127
103
104
128
105
128
129
105
106
130
107
130
131
107
108
132
109
132
133
109
110
134
111
134
135
111
112
136
113
136
137
113
114
138
115
138
139
115
116
140
117
140
141
117
118
142
119
142
143
119
120
144
121
144
145
121
122
146
123
146
147
123
124
148
125
148
149
125
126
150
127
150
151
127
128
152
129
152
153
129
130
154
131
154
155
131
132
156
133
156
157
133
134
158
135
158
159
135
136
160
137
160
161
137
138
162
139
162
163
139
140
164
141
164
165
141
142
166
143
166
167
143
144
168
145
168
169
145
146
170
147
170
171
147
148
172
149
172
173
149
150
174
151
174
175
151
152
176
153
176
177
153
154
178
155
178
179
155
156
180
157
180
181
157
158
182
159
182
183
159
160
184
161
184
185
161
162
186
163
186
187
163
164
188
165
188
189
165
166
190
167
190
191
167
168
192
169
192
193
169
170
194
171
194
195
171
172
196
173
196
197
173
174
198
175
198
199
175
176
200
177
200
201
177
178
202
179
202
203
179
180
204
181
204
205
181
182
206
183
206
207
183
184
208
185
208
209
185
186
210
187
210
211
187
188
212
189
212
213
189
190
214
191
214
215
191
192
216
193
216
217
193
194
218
195
218
219
195
196
220
197
220
221
197
198
222
199
222
223
199
200
224
201
224
225
201
202
226
203
226
227
203
204
228
205
228
229
205
206
230
207
230
231
207
208
232
209
232
233
209
210
234
211
234
235
211
212
236
213
236
237
213
214
238
215
238
239
215
216
240
217
240
241
217
218
242
219
242
243
219
220
244
221
244
245
221
222
246
223
246
247
223
224
248
225
248
249
225
226
250
227
250
251
227
228
252
229
252
253
229
230
254
231
254
255
231
232
256
233
256
257
233
234
258
235
258
259
235
236
260
237
260
261
237
238
262
239
262
263
239
240
264
241
264
265
241
242
266
243
266
267
243
244
268
245
268
269
245
246
270
247
270
271
247
248
272
249
272
273
249
250
274
251
274
275
251
252
276
253
276
277
253
254
278
255
278
279
255
256
280
257
280
281
257
258
282
259
282
283
259
260
284
261
284
285
261
262
286
263
286
287
263
264
288
265
288
289
265
266
290
267
290
291
267
268
292
269
292
293
269
270
294
271
294
295
271
272
296
273
296
297
273
274
298
275
298
299
275
276
300
277
300
301
277
278
302
279
302
303
279
280
304
281
304
305
281
282
306
283
306
307
283
284
308
285
308
309
285
286
310
287
310
311
287
314
315
313
313
319
312
315
318
313
316
318
315
316
317
318
313
318
319
319
322
312
322
319
320
321
322
320
322
323
312
326
328
327
325
332
326
326
331
328
328
331
329
331
330
329
332
331
326
325
335
332
333
332
335
333
335
334
325
336
335
