4.38279999E+002	3.60000000E+001	1.74831995E+003
4.68510010E+002	3.60000000E+001	1.74866003E+003
4.68760010E+002	3.60000000E+001	1.72620996E+003
4.38450012E+002	3.60000000E+001	1.72600000E+003
4.68510010E+002	3.60000000E+001	1.74866003E+003
4.68760010E+002	3.60000000E+001	1.72620996E+003
4.38450012E+002	3.60000000E+001	1.72600000E+003
4.38279999E+002	3.60000000E+001	1.74831995E+003
4.38279999E+002	3.30000000E+001	1.74831995E+003
4.68510010E+002	3.30000000E+001	1.74866003E+003
4.68760010E+002	3.30000000E+001	1.72620996E+003
4.38450012E+002	3.30000000E+001	1.72600000E+003
4.68510010E+002	3.30000000E+001	1.74866003E+003
4.68760010E+002	3.30000000E+001	1.72620996E+003
4.38450012E+002	3.30000000E+001	1.72600000E+003
4.38279999E+002	3.30000000E+001	1.74831995E+003
4.38279999E+002	3.00000000E+001	1.74831995E+003
4.68510010E+002	3.00000000E+001	1.74866003E+003
4.68760010E+002	3.00000000E+001	1.72620996E+003
4.38450012E+002	3.00000000E+001	1.72600000E+003
4.68510010E+002	3.00000000E+001	1.74866003E+003
4.68760010E+002	3.00000000E+001	1.72620996E+003
4.38450012E+002	3.00000000E+001	1.72600000E+003
4.38279999E+002	3.00000000E+001	1.74831995E+003
4.38279999E+002	2.70000000E+001	1.74831995E+003
4.68510010E+002	2.70000000E+001	1.74866003E+003
4.68760010E+002	2.70000000E+001	1.72620996E+003
4.38450012E+002	2.70000000E+001	1.72600000E+003
4.68510010E+002	2.70000000E+001	1.74866003E+003
4.68760010E+002	2.70000000E+001	1.72620996E+003
4.38450012E+002	2.70000000E+001	1.72600000E+003
4.38279999E+002	2.70000000E+001	1.74831995E+003
4.38279999E+002	2.40000000E+001	1.74831995E+003
4.68510010E+002	2.40000000E+001	1.74866003E+003
4.68760010E+002	2.40000000E+001	1.72620996E+003
4.38450012E+002	2.40000000E+001	1.72600000E+003
4.68510010E+002	2.40000000E+001	1.74866003E+003
4.68760010E+002	2.40000000E+001	1.72620996E+003
4.38450012E+002	2.40000000E+001	1.72600000E+003
4.38279999E+002	2.40000000E+001	1.74831995E+003
4.38279999E+002	2.10000000E+001	1.74831995E+003
4.68510010E+002	2.10000000E+001	1.74866003E+003
4.68760010E+002	2.10000000E+001	1.72620996E+003
4.38450012E+002	2.10000000E+001	1.72600000E+003
4.68510010E+002	2.10000000E+001	1.74866003E+003
4.68760010E+002	2.10000000E+001	1.72620996E+003
4.38450012E+002	2.10000000E+001	1.72600000E+003
4.38279999E+002	2.10000000E+001	1.74831995E+003
4.38279999E+002	1.80000000E+001	1.74831995E+003
4.68510010E+002	1.80000000E+001	1.74866003E+003
4.68760010E+002	1.80000000E+001	1.72620996E+003
4.38450012E+002	1.80000000E+001	1.72600000E+003
4.68510010E+002	1.80000000E+001	1.74866003E+003
4.68760010E+002	1.80000000E+001	1.72620996E+003
4.38450012E+002	1.80000000E+001	1.72600000E+003
4.38279999E+002	1.80000000E+001	1.74831995E+003
4.38279999E+002	1.50000000E+001	1.74831995E+003
4.68510010E+002	1.50000000E+001	1.74866003E+003
4.68760010E+002	1.50000000E+001	1.72620996E+003
4.38450012E+002	1.50000000E+001	1.72600000E+003
4.68510010E+002	1.50000000E+001	1.74866003E+003
4.68760010E+002	1.50000000E+001	1.72620996E+003
4.38450012E+002	1.50000000E+001	1.72600000E+003
4.38279999E+002	1.50000000E+001	1.74831995E+003
4.38279999E+002	1.20000000E+001	1.74831995E+003
4.68510010E+002	1.20000000E+001	1.74866003E+003
4.68760010E+002	1.20000000E+001	1.72620996E+003
4.38450012E+002	1.20000000E+001	1.72600000E+003
4.68510010E+002	1.20000000E+001	1.74866003E+003
4.68760010E+002	1.20000000E+001	1.72620996E+003
4.38450012E+002	1.20000000E+001	1.72600000E+003
4.38279999E+002	1.20000000E+001	1.74831995E+003
4.38279999E+002	9.00000000E+000	1.74831995E+003
4.68510010E+002	9.00000000E+000	1.74866003E+003
4.68760010E+002	9.00000000E+000	1.72620996E+003
4.38450012E+002	9.00000000E+000	1.72600000E+003
4.68510010E+002	9.00000000E+000	1.74866003E+003
4.68760010E+002	9.00000000E+000	1.72620996E+003
4.38450012E+002	9.00000000E+000	1.72600000E+003
4.38279999E+002	9.00000000E+000	1.74831995E+003
4.38279999E+002	6.00000000E+000	1.74831995E+003
4.68510010E+002	6.00000000E+000	1.74866003E+003
4.68760010E+002	6.00000000E+000	1.72620996E+003
4.38450012E+002	6.00000000E+000	1.72600000E+003
4.68510010E+002	6.00000000E+000	1.74866003E+003
4.68760010E+002	6.00000000E+000	1.72620996E+003
4.38450012E+002	6.00000000E+000	1.72600000E+003
4.38279999E+002	6.00000000E+000	1.74831995E+003
4.38279999E+002	3.00000000E+000	1.74831995E+003
4.68510010E+002	3.00000000E+000	1.74866003E+003
4.68760010E+002	3.00000000E+000	1.72620996E+003
4.38450012E+002	3.00000000E+000	1.72600000E+003
4.68510010E+002	3.00000000E+000	1.74866003E+003
4.68760010E+002	3.00000000E+000	1.72620996E+003
4.38450012E+002	3.00000000E+000	1.72600000E+003
4.38279999E+002	3.00000000E+000	1.74831995E+003
4.38279999E+002	0.00000000E+000	1.74831995E+003
4.68510010E+002	0.00000000E+000	1.74866003E+003
4.68760010E+002	0.00000000E+000	1.72620996E+003
4.38450012E+002	0.00000000E+000	1.72600000E+003
4.68510010E+002	0.00000000E+000	1.74866003E+003
4.68760010E+002	0.00000000E+000	1.72620996E+003
4.38450012E+002	0.00000000E+000	1.72600000E+003
4.38279999E+002	0.00000000E+000	1.74831995E+003
4.38279999E+002	3.60000000E+001	1.74831995E+003
4.38450012E+002	3.60000000E+001	1.72600000E+003
4.68760010E+002	3.60000000E+001	1.72620996E+003
4.68510010E+002	3.60000000E+001	1.74866003E+003
4.38279999E+002	3.60000000E+001	1.74831995E+003
4.38279999E+002	0.00000000E+000	1.74831995E+003
4.38450012E+002	0.00000000E+000	1.72600000E+003
4.68760010E+002	0.00000000E+000	1.72620996E+003
4.68510010E+002	0.00000000E+000	1.74866003E+003
4.38279999E+002	0.00000000E+000	1.74831995E+003
