0
56
1
56
57
1
2
58
3
58
59
3
4
60
5
60
61
5
6
62
7
62
63
7
8
64
9
64
65
9
10
66
11
66
67
11
12
68
13
68
69
13
14
70
15
70
71
15
16
72
17
72
73
17
18
74
19
74
75
19
20
76
21
76
77
21
22
78
23
78
79
23
24
80
25
80
81
25
26
82
27
82
83
27
28
84
29
84
85
29
30
86
31
86
87
31
32
88
33
88
89
33
34
90
35
90
91
35
36
92
37
92
93
37
38
94
39
94
95
39
40
96
41
96
97
41
42
98
43
98
99
43
44
100
45
100
101
45
46
102
47
102
103
47
48
104
49
104
105
49
50
106
51
106
107
51
52
108
53
108
109
53
54
110
55
110
111
55
113
132
112
132
113
114
115
116
114
116
132
114
117
132
116
118
119
131
120
122
119
121
122
120
119
122
131
123
124
122
122
124
131
134
135
132
124
125
127
127
125
126
124
127
129
128
129
127
129
131
124
132
117
131
130
131
129
131
117
118
139
112
132
134
132
133
135
136
132
139
132
136
137
139
136
138
139
137
141
161
142
143
142
161
143
145
144
143
161
145
145
161
146
160
148
147
148
151
149
149
151
150
160
151
148
151
153
152
160
153
151
161
164
163
156
154
153
155
154
156
158
156
153
156
158
157
153
160
158
160
146
161
158
160
159
147
146
160
161
141
168
162
161
163
161
165
164
165
161
168
165
168
166
166
168
167
