0
10
1
10
11
1
2
12
3
12
13
3
4
14
5
14
15
5
6
16
7
16
17
7
8
18
9
18
19
9
10
20
11
20
21
11
12
22
13
22
23
13
14
24
15
24
25
15
16
26
17
26
27
17
18
28
19
28
29
19
20
30
21
30
31
21
22
32
23
32
33
23
24
34
25
34
35
25
26
36
27
36
37
27
28
38
29
38
39
29
30
40
31
40
41
31
32
42
33
42
43
33
34
44
35
44
45
35
36
46
37
46
47
37
38
48
39
48
49
39
52
53
51
51
54
50
53
54
51
57
59
58
56
60
57
57
60
59
