0
36
1
36
37
1
2
38
3
38
39
3
4
40
5
40
41
5
6
42
7
42
43
7
8
44
9
44
45
9
10
46
11
46
47
11
12
48
13
48
49
13
14
50
15
50
51
15
16
52
17
52
53
17
18
54
19
54
55
19
20
56
21
56
57
21
22
58
23
58
59
23
24
60
25
60
61
25
26
62
27
62
63
27
28
64
29
64
65
29
30
66
31
66
67
31
32
68
33
68
69
33
34
70
35
70
71
35
73
82
88
72
73
88
73
74
76
76
74
75
76
77
73
73
77
79
79
77
78
79
82
73
81
79
80
79
81
82
85
82
83
83
84
85
82
85
86
87
82
86
82
87
88
88
89
72
107
101
92
107
92
91
95
93
92
94
93
95
92
96
95
98
96
92
97
96
98
92
101
98
99
98
100
101
100
98
102
101
104
104
103
102
105
104
101
105
101
106
107
106
101
91
108
107
