0
10
1
10
11
1
2
12
3
12
13
3
4
14
5
14
15
5
6
16
7
16
17
7
8
18
9
18
19
9
10
20
11
20
21
11
12
22
13
22
23
13
14
24
15
24
25
15
16
26
17
26
27
17
18
28
19
28
29
19
20
30
21
30
31
21
22
32
23
32
33
23
24
34
25
34
35
25
26
36
27
36
37
27
28
38
29
38
39
29
30
40
31
40
41
31
32
42
33
42
43
33
34
44
35
44
45
35
36
46
37
46
47
37
38
48
39
48
49
39
40
50
41
50
51
41
42
52
43
52
53
43
44
54
45
54
55
45
46
56
47
56
57
47
48
58
49
58
59
49
50
60
51
60
61
51
52
62
53
62
63
53
54
64
55
64
65
55
56
66
57
66
67
57
58
68
59
68
69
59
60
70
61
70
71
61
62
72
63
72
73
63
64
74
65
74
75
65
66
76
67
76
77
67
68
78
69
78
79
69
70
80
71
80
81
71
72
82
73
82
83
73
74
84
75
84
85
75
76
86
77
86
87
77
78
88
79
88
89
79
80
90
81
90
91
81
82
92
83
92
93
83
84
94
85
94
95
85
86
96
87
96
97
87
88
98
89
98
99
89
90
100
91
100
101
91
92
102
93
102
103
93
94
104
95
104
105
95
96
106
97
106
107
97
98
108
99
108
109
99
100
110
101
110
111
101
102
112
103
112
113
103
104
114
105
114
115
105
106
116
107
116
117
107
108
118
109
118
119
109
110
120
111
120
121
111
112
122
113
122
123
113
114
124
115
124
125
115
116
126
117
126
127
117
118
128
119
128
129
119
130
131
133
132
133
131
133
134
130
139
137
136
137
139
138
136
140
139
