0
44
1
44
45
1
2
46
3
46
47
3
4
48
5
48
49
5
6
50
7
50
51
7
8
52
9
52
53
9
10
54
11
54
55
11
12
56
13
56
57
13
14
58
15
58
59
15
16
60
17
60
61
17
18
62
19
62
63
19
20
64
21
64
65
21
22
66
23
66
67
23
24
68
25
68
69
25
26
70
27
70
71
27
28
72
29
72
73
29
30
74
31
74
75
31
32
76
33
76
77
33
34
78
35
78
79
35
36
80
37
80
81
37
38
82
39
82
83
39
40
84
41
84
85
41
42
86
43
86
87
43
44
88
45
88
89
45
46
90
47
90
91
47
48
92
49
92
93
49
50
94
51
94
95
51
52
96
53
96
97
53
54
98
55
98
99
55
56
100
57
100
101
57
58
102
59
102
103
59
60
104
61
104
105
61
62
106
63
106
107
63
64
108
65
108
109
65
66
110
67
110
111
67
68
112
69
112
113
69
70
114
71
114
115
71
72
116
73
116
117
73
74
118
75
118
119
75
76
120
77
120
121
77
78
122
79
122
123
79
80
124
81
124
125
81
82
126
83
126
127
83
84
128
85
128
129
85
86
130
87
130
131
87
88
132
89
132
133
89
90
134
91
134
135
91
92
136
93
136
137
93
94
138
95
138
139
95
96
140
97
140
141
97
98
142
99
142
143
99
100
144
101
144
145
101
102
146
103
146
147
103
104
148
105
148
149
105
106
150
107
150
151
107
108
152
109
152
153
109
110
154
111
154
155
111
112
156
113
156
157
113
114
158
115
158
159
115
116
160
117
160
161
117
118
162
119
162
163
119
120
164
121
164
165
121
122
166
123
166
167
123
124
168
125
168
169
125
126
170
127
170
171
127
128
172
129
172
173
129
130
174
131
174
175
131
132
176
133
176
177
133
134
178
135
178
179
135
136
180
137
180
181
137
138
182
139
182
183
139
140
184
141
184
185
141
142
186
143
186
187
143
144
188
145
188
189
145
146
190
147
190
191
147
148
192
149
192
193
149
150
194
151
194
195
151
152
196
153
196
197
153
154
198
155
198
199
155
156
200
157
200
201
157
158
202
159
202
203
159
160
204
161
204
205
161
162
206
163
206
207
163
164
208
165
208
209
165
166
210
167
210
211
167
168
212
169
212
213
169
170
214
171
214
215
171
172
216
173
216
217
173
174
218
175
218
219
175
176
220
177
220
221
177
178
222
179
222
223
179
180
224
181
224
225
181
182
226
183
226
227
183
184
228
185
228
229
185
186
230
187
230
231
187
188
232
189
232
233
189
190
234
191
234
235
191
192
236
193
236
237
193
194
238
195
238
239
195
196
240
197
240
241
197
198
242
199
242
243
199
200
244
201
244
245
201
202
246
203
246
247
203
204
248
205
248
249
205
206
250
207
250
251
207
208
252
209
252
253
209
210
254
211
254
255
211
212
256
213
256
257
213
214
258
215
258
259
215
216
260
217
260
261
217
218
262
219
262
263
219
220
264
221
264
265
221
222
266
223
266
267
223
224
268
225
268
269
225
226
270
227
270
271
227
228
272
229
272
273
229
230
274
231
274
275
231
232
276
233
276
277
233
234
278
235
278
279
235
236
280
237
280
281
237
238
282
239
282
283
239
240
284
241
284
285
241
242
286
243
286
287
243
244
288
245
288
289
245
246
290
247
290
291
247
248
292
249
292
293
249
250
294
251
294
295
251
252
296
253
296
297
253
254
298
255
298
299
255
256
300
257
300
301
257
258
302
259
302
303
259
260
304
261
304
305
261
262
306
263
306
307
263
264
308
265
308
309
265
266
310
267
310
311
267
268
312
269
312
313
269
270
314
271
314
315
271
272
316
273
316
317
273
274
318
275
318
319
275
276
320
277
320
321
277
278
322
279
322
323
279
280
324
281
324
325
281
282
326
283
326
327
283
284
328
285
328
329
285
286
330
287
330
331
287
288
332
289
332
333
289
290
334
291
334
335
291
292
336
293
336
337
293
294
338
295
338
339
295
296
340
297
340
341
297
298
342
299
342
343
299
300
344
301
344
345
301
302
346
303
346
347
303
304
348
305
348
349
305
306
350
307
350
351
307
308
352
309
352
353
309
310
354
311
354
355
311
312
356
313
356
357
313
314
358
315
358
359
315
316
360
317
360
361
317
318
362
319
362
363
319
320
364
321
364
365
321
322
366
323
366
367
323
324
368
325
368
369
325
326
370
327
370
371
327
328
372
329
372
373
329
330
374
331
374
375
331
332
376
333
376
377
333
334
378
335
378
379
335
336
380
337
380
381
337
338
382
339
382
383
339
340
384
341
384
385
341
342
386
343
386
387
343
344
388
345
388
389
345
346
390
347
390
391
347
348
392
349
392
393
349
350
394
351
394
395
351
352
396
353
396
397
353
354
398
355
398
399
355
356
400
357
400
401
357
358
402
359
402
403
359
360
404
361
404
405
361
362
406
363
406
407
363
364
408
365
408
409
365
366
410
367
410
411
367
368
412
369
412
413
369
370
414
371
414
415
371
372
416
373
416
417
373
374
418
375
418
419
375
376
420
377
420
421
377
378
422
379
422
423
379
380
424
381
424
425
381
382
426
383
426
427
383
384
428
385
428
429
385
386
430
387
430
431
387
388
432
389
432
433
389
390
434
391
434
435
391
392
436
393
436
437
393
394
438
395
438
439
395
396
440
397
440
441
397
398
442
399
442
443
399
400
444
401
444
445
401
402
446
403
446
447
403
404
448
405
448
449
405
406
450
407
450
451
407
408
452
409
452
453
409
410
454
411
454
455
411
412
456
413
456
457
413
414
458
415
458
459
415
416
460
417
460
461
417
418
462
419
462
463
419
420
464
421
464
465
421
422
466
423
466
467
423
424
468
425
468
469
425
426
470
427
470
471
427
428
472
429
472
473
429
430
474
431
474
475
431
432
476
433
476
477
433
434
478
435
478
479
435
436
480
437
480
481
437
438
482
439
482
483
439
440
484
441
484
485
441
442
486
443
486
487
443
444
488
445
488
489
445
446
490
447
490
491
447
448
492
449
492
493
449
450
494
451
494
495
451
452
496
453
496
497
453
454
498
455
498
499
455
456
500
457
500
501
457
458
502
459
502
503
459
460
504
461
504
505
461
462
506
463
506
507
463
464
508
465
508
509
465
466
510
467
510
511
467
468
512
469
512
513
469
470
514
471
514
515
471
472
516
473
516
517
473
474
518
475
518
519
475
476
520
477
520
521
477
478
522
479
522
523
479
480
524
481
524
525
481
482
526
483
526
527
483
484
528
485
528
529
485
486
530
487
530
531
487
488
532
489
532
533
489
490
534
491
534
535
491
492
536
493
536
537
493
494
538
495
538
539
495
496
540
497
540
541
497
498
542
499
542
543
499
500
544
501
544
545
501
502
546
503
546
547
503
504
548
505
548
549
505
506
550
507
550
551
507
508
552
509
552
553
509
510
554
511
554
555
511
512
556
513
556
557
513
514
558
515
558
559
515
516
560
517
560
561
517
518
562
519
562
563
519
520
564
521
564
565
521
522
566
523
566
567
523
524
568
525
568
569
525
526
570
527
570
571
527
528
572
529
572
573
529
530
574
531
574
575
531
532
576
533
576
577
533
534
578
535
578
579
535
536
580
537
580
581
537
538
582
539
582
583
539
540
584
541
584
585
541
542
586
543
586
587
543
544
588
545
588
589
545
546
590
547
590
591
547
548
592
549
592
593
549
550
594
551
594
595
551
552
596
553
596
597
553
554
598
555
598
599
555
556
600
557
600
601
557
558
602
559
602
603
559
560
604
561
604
605
561
562
606
563
606
607
563
564
608
565
608
609
565
566
610
567
610
611
567
568
612
569
612
613
569
570
614
571
614
615
571
572
616
573
616
617
573
574
618
575
618
619
575
576
620
577
620
621
577
578
622
579
622
623
579
580
624
581
624
625
581
582
626
583
626
627
583
584
628
585
628
629
585
586
630
587
630
631
587
588
632
589
632
633
589
590
634
591
634
635
591
592
636
593
636
637
593
594
638
595
638
639
595
596
640
597
640
641
597
598
642
599
642
643
599
600
644
601
644
645
601
602
646
603
646
647
603
604
648
605
648
649
605
606
650
607
650
651
607
608
652
609
652
653
609
610
654
611
654
655
611
612
656
613
656
657
613
614
658
615
658
659
615
616
660
617
660
661
617
618
662
619
662
663
619
620
664
621
664
665
621
622
666
623
666
667
623
624
668
625
668
669
625
626
670
627
670
671
627
628
672
629
672
673
629
630
674
631
674
675
631
632
676
633
676
677
633
634
678
635
678
679
635
636
680
637
680
681
637
638
682
639
682
683
639
640
684
641
684
685
641
642
686
643
686
687
643
644
688
645
688
689
645
646
690
647
690
691
647
648
692
649
692
693
649
650
694
651
694
695
651
652
696
653
696
697
653
654
698
655
698
699
655
656
700
657
700
701
657
658
702
659
702
703
659
660
704
661
704
705
661
662
706
663
706
707
663
664
708
665
708
709
665
666
710
667
710
711
667
668
712
669
712
713
669
670
714
671
714
715
671
672
716
673
716
717
673
674
718
675
718
719
675
676
720
677
720
721
677
678
722
679
722
723
679
680
724
681
724
725
681
682
726
683
726
727
683
684
728
685
728
729
685
686
730
687
730
731
687
688
732
689
732
733
689
690
734
691
734
735
691
692
736
693
736
737
693
694
738
695
738
739
695
696
740
697
740
741
697
698
742
699
742
743
699
700
744
701
744
745
701
702
746
703
746
747
703
704
748
705
748
749
705
706
750
707
750
751
707
708
752
709
752
753
709
710
754
711
754
755
711
712
756
713
756
757
713
714
758
715
758
759
715
716
760
717
760
761
717
718
762
719
762
763
719
720
764
721
764
765
721
722
766
723
766
767
723
724
768
725
768
769
725
726
770
727
770
771
727
728
772
729
772
773
729
730
774
731
774
775
731
732
776
733
776
777
733
734
778
735
778
779
735
736
780
737
780
781
737
738
782
739
782
783
739
740
784
741
784
785
741
742
786
743
786
787
743
744
788
745
788
789
745
746
790
747
790
791
747
804
808
799
792
793
809
798
793
794
811
813
809
813
811
812
795
797
794
796
797
795
797
798
794
804
807
808
800
801
799
802
799
801
799
802
803
803
804
799
806
804
805
806
807
804
809
798
799
793
798
809
808
809
799
813
792
809
810
811
809
822
831
827
832
816
815
817
816
821
832
836
834
835
834
836
817
820
818
818
820
819
817
821
820
831
830
827
822
824
823
824
822
825
826
825
822
822
827
826
828
827
829
827
830
829
822
821
832
832
821
816
822
832
831
832
815
836
832
834
833
