0
14
1
14
15
1
2
16
3
16
17
3
4
18
5
18
19
5
6
20
7
20
21
7
8
22
9
22
23
9
10
24
11
24
25
11
12
26
13
26
27
13
14
28
15
28
29
15
16
30
17
30
31
17
18
32
19
32
33
19
20
34
21
34
35
21
22
36
23
36
37
23
24
38
25
38
39
25
26
40
27
40
41
27
28
42
29
42
43
29
30
44
31
44
45
31
32
46
33
46
47
33
34
48
35
48
49
35
36
50
37
50
51
37
38
52
39
52
53
39
40
54
41
54
55
41
42
56
43
56
57
43
44
58
45
58
59
45
46
60
47
60
61
47
48
62
49
62
63
49
50
64
51
64
65
51
52
66
53
66
67
53
54
68
55
68
69
55
56
70
57
70
71
57
58
72
59
72
73
59
60
74
61
74
75
61
62
76
63
76
77
63
64
78
65
78
79
65
66
80
67
80
81
67
68
82
69
82
83
69
70
84
71
84
85
71
72
86
73
86
87
73
74
88
75
88
89
75
76
90
77
90
91
77
78
92
79
92
93
79
80
94
81
94
95
81
82
96
83
96
97
83
84
98
85
98
99
85
86
100
87
100
101
87
88
102
89
102
103
89
90
104
91
104
105
91
92
106
93
106
107
93
94
108
95
108
109
95
96
110
97
110
111
97
98
112
99
112
113
99
100
114
101
114
115
101
102
116
103
116
117
103
104
118
105
118
119
105
106
120
107
120
121
107
108
122
109
122
123
109
110
124
111
124
125
111
112
126
113
126
127
113
114
128
115
128
129
115
116
130
117
130
131
117
118
132
119
132
133
119
120
134
121
134
135
121
122
136
123
136
137
123
124
138
125
138
139
125
126
140
127
140
141
127
128
142
129
142
143
129
130
144
131
144
145
131
132
146
133
146
147
133
134
148
135
148
149
135
136
150
137
150
151
137
138
152
139
152
153
139
140
154
141
154
155
141
142
156
143
156
157
143
144
158
145
158
159
145
146
160
147
160
161
147
148
162
149
162
163
149
150
164
151
164
165
151
152
166
153
166
167
153
154
168
155
168
169
155
156
170
157
170
171
157
158
172
159
172
173
159
160
174
161
174
175
161
162
176
163
176
177
163
164
178
165
178
179
165
166
180
167
180
181
167
168
182
169
182
183
169
170
184
171
184
185
171
172
186
173
186
187
173
174
188
175
188
189
175
176
190
177
190
191
177
178
192
179
192
193
179
180
194
181
194
195
181
182
196
183
196
197
183
184
198
185
198
199
185
186
200
187
200
201
187
188
202
189
202
203
189
190
204
191
204
205
191
192
206
193
206
207
193
194
208
195
208
209
195
196
210
197
210
211
197
198
212
199
212
213
199
200
214
201
214
215
201
202
216
203
216
217
203
204
218
205
218
219
205
206
220
207
220
221
207
208
222
209
222
223
209
210
224
211
224
225
211
212
226
213
226
227
213
214
228
215
228
229
215
216
230
217
230
231
217
218
232
219
232
233
219
220
234
221
234
235
221
222
236
223
236
237
223
224
238
225
238
239
225
226
240
227
240
241
227
228
242
229
242
243
229
230
244
231
244
245
231
232
246
233
246
247
233
234
248
235
248
249
235
236
250
237
250
251
237
238
252
239
252
253
239
240
254
241
254
255
241
242
256
243
256
257
243
244
258
245
258
259
245
246
260
247
260
261
247
248
262
249
262
263
249
250
264
251
264
265
251
252
266
253
266
267
253
254
268
255
268
269
255
256
270
257
270
271
257
258
272
259
272
273
259
260
274
261
274
275
261
262
276
263
276
277
263
264
278
265
278
279
265
266
280
267
280
281
267
268
282
269
282
283
269
270
284
271
284
285
271
272
286
273
286
287
273
274
288
275
288
289
275
276
290
277
290
291
277
278
292
279
292
293
279
280
294
281
294
295
281
282
296
283
296
297
283
284
298
285
298
299
285
286
300
287
300
301
287
288
302
289
302
303
289
290
304
291
304
305
291
292
306
293
306
307
293
294
308
295
308
309
295
296
310
297
310
311
297
298
312
299
312
313
299
300
314
301
314
315
301
302
316
303
316
317
303
304
318
305
318
319
305
306
320
307
320
321
307
308
322
309
322
323
309
310
324
311
324
325
311
312
326
313
326
327
313
314
328
315
328
329
315
316
330
317
330
331
317
318
332
319
332
333
319
320
334
321
334
335
321
322
336
323
336
337
323
324
338
325
338
339
325
326
340
327
340
341
327
328
342
329
342
343
329
330
344
331
344
345
331
332
346
333
346
347
333
334
348
335
348
349
335
336
350
337
350
351
337
338
352
339
352
353
339
340
354
341
354
355
341
342
356
343
356
357
343
344
358
345
358
359
345
346
360
347
360
361
347
348
362
349
362
363
349
350
364
351
364
365
351
352
366
353
366
367
353
354
368
355
368
369
355
356
370
357
370
371
357
358
372
359
372
373
359
360
374
361
374
375
361
362
376
363
376
377
363
364
378
365
378
379
365
366
380
367
380
381
367
368
382
369
382
383
369
370
384
371
384
385
371
372
386
373
386
387
373
374
388
375
388
389
375
376
390
377
390
391
377
397
396
395
397
395
398
395
394
393
398
393
392
398
395
393
403
404
405
406
403
405
401
402
403
400
401
406
401
403
406
