0
12
1
12
13
1
2
14
3
14
15
3
4
16
5
16
17
5
6
18
7
18
19
7
8
20
9
20
21
9
10
22
11
22
23
11
12
24
13
24
25
13
14
26
15
26
27
15
16
28
17
28
29
17
18
30
19
30
31
19
20
32
21
32
33
21
22
34
23
34
35
23
24
36
25
36
37
25
26
38
27
38
39
27
28
40
29
40
41
29
30
42
31
42
43
31
32
44
33
44
45
33
34
46
35
46
47
35
36
48
37
48
49
37
38
50
39
50
51
39
40
52
41
52
53
41
42
54
43
54
55
43
44
56
45
56
57
45
46
58
47
58
59
47
48
60
49
60
61
49
50
62
51
62
63
51
52
64
53
64
65
53
54
66
55
66
67
55
56
68
57
68
69
57
58
70
59
70
71
59
60
72
61
72
73
61
62
74
63
74
75
63
64
76
65
76
77
65
66
78
67
78
79
67
68
80
69
80
81
69
70
82
71
82
83
71
72
84
73
84
85
73
74
86
75
86
87
75
76
88
77
88
89
77
78
90
79
90
91
79
80
92
81
92
93
81
82
94
83
94
95
83
84
96
85
96
97
85
86
98
87
98
99
87
88
100
89
100
101
89
90
102
91
102
103
91
92
104
93
104
105
93
94
106
95
106
107
95
96
108
97
108
109
97
98
110
99
110
111
99
100
112
101
112
113
101
102
114
103
114
115
103
104
116
105
116
117
105
106
118
107
118
119
107
108
120
109
120
121
109
110
122
111
122
123
111
112
124
113
124
125
113
114
126
115
126
127
115
116
128
117
128
129
117
118
130
119
130
131
119
120
132
121
132
133
121
122
134
123
134
135
123
124
136
125
136
137
125
126
138
127
138
139
127
128
140
129
140
141
129
130
142
131
142
143
131
132
144
133
144
145
133
134
146
135
146
147
135
136
148
137
148
149
137
138
150
139
150
151
139
140
152
141
152
153
141
142
154
143
154
155
143
144
156
145
156
157
145
146
158
147
158
159
147
148
160
149
160
161
149
150
162
151
162
163
151
152
164
153
164
165
153
154
166
155
166
167
155
156
168
157
168
169
157
158
170
159
170
171
159
160
172
161
172
173
161
162
174
163
174
175
163
164
176
165
176
177
165
166
178
167
178
179
167
168
180
169
180
181
169
170
182
171
182
183
171
172
184
173
184
185
173
174
186
175
186
187
175
176
188
177
188
189
177
178
190
179
190
191
179
180
192
181
192
193
181
182
194
183
194
195
183
184
196
185
196
197
185
186
198
187
198
199
187
188
200
189
200
201
189
190
202
191
202
203
191
192
204
193
204
205
193
194
206
195
206
207
195
196
208
197
208
209
197
198
210
199
210
211
199
200
212
201
212
213
201
202
214
203
214
215
203
204
216
205
216
217
205
206
218
207
218
219
207
208
220
209
220
221
209
210
222
211
222
223
211
212
224
213
224
225
213
214
226
215
226
227
215
216
228
217
228
229
217
218
230
219
230
231
219
220
232
221
232
233
221
222
234
223
234
235
223
224
236
225
236
237
225
226
238
227
238
239
227
228
240
229
240
241
229
230
242
231
242
243
231
232
244
233
244
245
233
234
246
235
246
247
235
236
248
237
248
249
237
238
250
239
250
251
239
240
252
241
252
253
241
242
254
243
254
255
243
244
256
245
256
257
245
246
258
247
258
259
247
248
260
249
260
261
249
250
262
251
262
263
251
252
264
253
264
265
253
254
266
255
266
267
255
256
268
257
268
269
257
258
270
259
270
271
259
260
272
261
272
273
261
262
274
263
274
275
263
264
276
265
276
277
265
266
278
267
278
279
267
268
280
269
280
281
269
270
282
271
282
283
271
272
284
273
284
285
273
274
286
275
286
287
275
276
288
277
288
289
277
278
290
279
290
291
279
280
292
281
292
293
281
282
294
283
294
295
283
284
296
285
296
297
285
286
298
287
298
299
287
288
300
289
300
301
289
290
302
291
302
303
291
292
304
293
304
305
293
294
306
295
306
307
295
296
308
297
308
309
297
298
310
299
310
311
299
300
312
301
312
313
301
302
314
303
314
315
303
304
316
305
316
317
305
306
318
307
318
319
307
308
320
309
320
321
309
310
322
311
322
323
311
312
324
313
324
325
313
314
326
315
326
327
315
316
328
317
328
329
317
318
330
319
330
331
319
320
332
321
332
333
321
322
334
323
334
335
323
324
336
325
336
337
325
326
338
327
338
339
327
328
340
329
340
341
329
330
342
331
342
343
331
332
344
333
344
345
333
334
346
335
346
347
335
336
348
337
348
349
337
338
350
339
350
351
339
340
352
341
352
353
341
342
354
343
354
355
343
344
356
345
356
357
345
346
358
347
358
359
347
348
360
349
360
361
349
350
362
351
362
363
351
352
364
353
364
365
353
354
366
355
366
367
355
356
368
357
368
369
357
358
370
359
370
371
359
360
372
361
372
373
361
362
374
363
374
375
363
364
376
365
376
377
365
366
378
367
378
379
367
368
380
369
380
381
369
370
382
371
382
383
371
372
384
373
384
385
373
374
386
375
386
387
375
376
388
377
388
389
377
378
390
379
390
391
379
380
392
381
392
393
381
382
394
383
394
395
383
384
396
385
396
397
385
386
398
387
398
399
387
388
400
389
400
401
389
390
402
391
402
403
391
392
404
393
404
405
393
394
406
395
406
407
395
396
408
397
408
409
397
398
410
399
410
411
399
400
412
401
412
413
401
402
414
403
414
415
403
404
416
405
416
417
405
406
418
407
418
419
407
408
420
409
420
421
409
410
422
411
422
423
411
412
424
413
424
425
413
414
426
415
426
427
415
416
428
417
428
429
417
418
430
419
430
431
419
420
432
421
432
433
421
422
434
423
434
435
423
424
436
425
436
437
425
426
438
427
438
439
427
428
440
429
440
441
429
430
442
431
442
443
431
432
444
433
444
445
433
434
446
435
446
447
435
436
448
437
448
449
437
438
450
439
450
451
439
440
452
441
452
453
441
442
454
443
454
455
443
444
456
445
456
457
445
446
458
447
458
459
447
448
460
449
460
461
449
450
462
451
462
463
451
452
464
453
464
465
453
454
466
455
466
467
455
456
468
457
468
469
457
458
470
459
470
471
459
460
472
461
472
473
461
462
474
463
474
475
463
464
476
465
476
477
465
466
478
467
478
479
467
468
480
469
480
481
469
470
482
471
482
483
471
472
484
473
484
485
473
474
486
475
486
487
475
476
488
477
488
489
477
478
490
479
490
491
479
480
492
481
492
493
481
482
494
483
494
495
483
484
496
485
496
497
485
486
498
487
498
499
487
488
500
489
500
501
489
490
502
491
502
503
491
492
504
493
504
505
493
494
506
495
506
507
495
496
508
497
508
509
497
498
510
499
510
511
499
500
512
501
512
513
501
502
514
503
514
515
503
504
516
505
516
517
505
506
518
507
518
519
507
508
520
509
520
521
509
510
522
511
522
523
511
512
524
513
524
525
513
514
526
515
526
527
515
516
528
517
528
529
517
518
530
519
530
531
519
520
532
521
532
533
521
522
534
523
534
535
523
524
536
525
536
537
525
526
538
527
538
539
527
540
543
545
540
541
543
542
543
541
545
543
544
552
550
547
550
548
547
548
550
549
551
550
552
