0
68
1
68
69
1
2
70
3
70
71
3
4
72
5
72
73
5
6
74
7
74
75
7
8
76
9
76
77
9
10
78
11
78
79
11
12
80
13
80
81
13
14
82
15
82
83
15
16
84
17
84
85
17
18
86
19
86
87
19
20
88
21
88
89
21
22
90
23
90
91
23
24
92
25
92
93
25
26
94
27
94
95
27
28
96
29
96
97
29
30
98
31
98
99
31
32
100
33
100
101
33
34
102
35
102
103
35
36
104
37
104
105
37
38
106
39
106
107
39
40
108
41
108
109
41
42
110
43
110
111
43
44
112
45
112
113
45
46
114
47
114
115
47
48
116
49
116
117
49
50
118
51
118
119
51
52
120
53
120
121
53
54
122
55
122
123
55
56
124
57
124
125
57
58
126
59
126
127
59
60
128
61
128
129
61
62
130
63
130
131
63
64
132
65
132
133
65
66
134
67
134
135
67
136
137
138
139
136
138
139
140
136
169
136
140
155
156
157
153
158
152
154
155
153
157
153
155
153
157
158
160
150
159
158
151
152
149
150
160
159
151
158
159
150
151
148
162
147
161
149
160
161
148
149
164
147
163
162
148
161
163
147
162
147
164
146
146
165
145
166
144
165
164
165
146
165
144
145
144
167
143
167
168
143
166
167
144
143
168
142
141
142
169
168
169
142
141
169
140
173
172
171
173
171
174
171
175
174
175
171
204
192
191
190
187
193
188
188
190
189
190
188
192
193
192
188
194
185
195
187
186
193
195
185
184
193
186
194
186
185
194
182
197
183
195
184
196
184
183
196
198
182
199
196
183
197
197
182
198
181
199
182
180
200
181
200
179
201
181
200
199
180
179
200
178
202
179
178
203
202
179
202
201
177
203
178
204
177
176
177
204
203
175
204
176
