0
8
1
8
9
1
2
10
3
10
11
3
4
12
5
12
13
5
6
14
7
14
15
7
8
16
9
16
17
9
10
18
11
18
19
11
12
20
13
20
21
13
14
22
15
22
23
15
16
24
17
24
25
17
18
26
19
26
27
19
20
28
21
28
29
21
22
30
23
30
31
23
24
32
25
32
33
25
26
34
27
34
35
27
28
36
29
36
37
29
30
38
31
38
39
31
32
40
33
40
41
33
34
42
35
42
43
35
36
44
37
44
45
37
38
46
39
46
47
39
40
48
41
48
49
41
42
50
43
50
51
43
44
52
45
52
53
45
46
54
47
54
55
47
48
56
49
56
57
49
50
58
51
58
59
51
52
60
53
60
61
53
54
62
55
62
63
55
56
64
57
64
65
57
58
66
59
66
67
59
60
68
61
68
69
61
62
70
63
70
71
63
64
72
65
72
73
65
66
74
67
74
75
67
68
76
69
76
77
69
70
78
71
78
79
71
72
80
73
80
81
73
74
82
75
82
83
75
76
84
77
84
85
77
78
86
79
86
87
79
88
89
91
90
91
89
96
94
93
94
96
95
