0
22
1
22
23
1
2
24
3
24
25
3
4
26
5
26
27
5
6
28
7
28
29
7
8
30
9
30
31
9
10
32
11
32
33
11
12
34
13
34
35
13
14
36
15
36
37
15
16
38
17
38
39
17
18
40
19
40
41
19
20
42
21
42
43
21
22
44
23
44
45
23
24
46
25
46
47
25
26
48
27
48
49
27
28
50
29
50
51
29
30
52
31
52
53
31
32
54
33
54
55
33
34
56
35
56
57
35
36
58
37
58
59
37
38
60
39
60
61
39
40
62
41
62
63
41
42
64
43
64
65
43
44
66
45
66
67
45
46
68
47
68
69
47
48
70
49
70
71
49
50
72
51
72
73
51
52
74
53
74
75
53
54
76
55
76
77
55
56
78
57
78
79
57
58
80
59
80
81
59
60
82
61
82
83
61
62
84
63
84
85
63
64
86
65
86
87
65
66
88
67
88
89
67
68
90
69
90
91
69
70
92
71
92
93
71
72
94
73
94
95
73
74
96
75
96
97
75
76
98
77
98
99
77
78
100
79
100
101
79
80
102
81
102
103
81
82
104
83
104
105
83
84
106
85
106
107
85
86
108
87
108
109
87
88
110
89
110
111
89
90
112
91
112
113
91
92
114
93
114
115
93
94
116
95
116
117
95
96
118
97
118
119
97
98
120
99
120
121
99
100
122
101
122
123
101
102
124
103
124
125
103
104
126
105
126
127
105
106
128
107
128
129
107
108
130
109
130
131
109
110
132
111
132
133
111
112
134
113
134
135
113
114
136
115
136
137
115
116
138
117
138
139
117
118
140
119
140
141
119
120
142
121
142
143
121
122
144
123
144
145
123
124
146
125
146
147
125
126
148
127
148
149
127
128
150
129
150
151
129
130
152
131
152
153
131
132
154
133
154
155
133
134
156
135
156
157
135
136
158
137
158
159
137
138
160
139
160
161
139
140
162
141
162
163
141
142
164
143
164
165
143
144
166
145
166
167
145
146
168
147
168
169
147
148
170
149
170
171
149
150
172
151
172
173
151
152
174
153
174
175
153
154
176
155
176
177
155
156
178
157
178
179
157
158
180
159
180
181
159
160
182
161
182
183
161
162
184
163
184
185
163
164
186
165
186
187
165
166
188
167
188
189
167
168
190
169
190
191
169
170
192
171
192
193
171
172
194
173
194
195
173
174
196
175
196
197
175
202
203
204
204
205
207
208
201
202
199
200
198
200
201
208
208
204
207
207
205
206
202
204
208
198
200
208
216
215
214
219
217
216
214
213
220
210
212
211
220
213
212
219
216
220
218
217
219
220
216
214
220
212
210
