22
11
23
3
2
46
35
34
33
1
46
2
38
37
31
26
25
4
4
3
26
21
14
13
6
5
25
13
22
21
11
10
9
11
9
23
16
15
20
22
12
11
13
12
22
20
15
14
16
20
19
21
20
14
19
17
16
18
17
19
9
8
23
24
23
8
7
6
24
7
24
8
5
4
25
24
6
25
40
30
29
33
32
35
37
32
31
35
32
36
26
42
27
0
47
1
43
26
3
29
28
41
30
39
31
46
44
3
36
32
37
39
38
31
40
39
30
41
40
29
41
27
42
41
28
27
42
26
43
43
3
44
45
44
46
46
1
47
