9.00210022E+002	0.00000000E+000	1.32479004E+003
9.01080017E+002	0.00000000E+000	1.24698999E+003
9.01669983E+002	0.00000000E+000	1.19494995E+003
9.02210022E+002	0.00000000E+000	1.14672998E+003
9.02559998E+002	0.00000000E+000	1.09181995E+003
9.31859985E+002	0.00000000E+000	1.09251001E+003
9.33489990E+002	0.00000000E+000	1.08955005E+003
9.52690002E+002	0.00000000E+000	1.05564001E+003
9.57330017E+002	0.00000000E+000	1.02128998E+003
9.61690002E+002	0.00000000E+000	1.00360999E+003
9.67539978E+002	0.00000000E+000	9.86789978E+002
9.76909973E+002	0.00000000E+000	9.64169983E+002
9.92969971E+002	0.00000000E+000	9.10650024E+002
9.93400024E+002	0.00000000E+000	9.06549988E+002
9.80570007E+002	0.00000000E+000	9.06020020E+002
9.47200012E+002	0.00000000E+000	9.04590027E+002
9.10590027E+002	0.00000000E+000	9.02890015E+002
9.10099976E+002	0.00000000E+000	9.02869995E+002
8.71590027E+002	0.00000000E+000	9.01179993E+002
8.16299988E+002	0.00000000E+000	9.00340027E+002
8.14979980E+002	0.00000000E+000	9.00369995E+002
8.12650024E+002	0.00000000E+000	9.01179993E+002
8.11070007E+002	0.00000000E+000	9.02489990E+002
8.09840027E+002	0.00000000E+000	9.03840027E+002
8.09280029E+002	0.00000000E+000	9.05450012E+002
8.09330017E+002	0.00000000E+000	9.06700012E+002
8.10000000E+002	0.00000000E+000	9.31000000E+002
8.10270020E+002	0.00000000E+000	9.41530029E+002
8.11929993E+002	0.00000000E+000	9.95679993E+002
8.12950012E+002	0.00000000E+000	1.02858997E+003
8.12929993E+002	0.00000000E+000	1.08628003E+003
8.12700012E+002	0.00000000E+000	1.10258997E+003
8.12659973E+002	0.00000000E+000	1.10514001E+003
8.11719971E+002	0.00000000E+000	1.20793005E+003
8.11520020E+002	0.00000000E+000	1.22937000E+003
8.11299988E+002	0.00000000E+000	1.24528003E+003
8.10679993E+002	0.00000000E+000	1.30902002E+003
8.10190002E+002	0.00000000E+000	1.34623999E+003
8.09940002E+002	0.00000000E+000	1.37251001E+003
8.09580017E+002	0.00000000E+000	1.38800000E+003
8.09150024E+002	0.00000000E+000	1.41867004E+003
8.07960022E+002	0.00000000E+000	1.50539001E+003
8.08489990E+002	0.00000000E+000	1.53490002E+003
8.07239990E+002	0.00000000E+000	1.63283997E+003
8.07140015E+002	0.00000000E+000	1.65688000E+003
8.07119995E+002	0.00000000E+000	1.66231006E+003
8.06469971E+002	0.00000000E+000	1.70343994E+003
8.06039978E+002	0.00000000E+000	1.74938000E+003
8.05669983E+002	0.00000000E+000	1.78934998E+003
8.05650024E+002	0.00000000E+000	1.79179004E+003
8.05099976E+002	0.00000000E+000	1.80647998E+003
8.04890015E+002	0.00000000E+000	1.80712000E+003
8.05059998E+002	0.00000000E+000	1.80775000E+003
8.04479980E+002	0.00000000E+000	1.82337000E+003
8.06880005E+002	0.00000000E+000	1.90933997E+003
8.09130005E+002	0.00000000E+000	1.95545996E+003
8.07830017E+002	0.00000000E+000	2.05589990E+003
8.07450012E+002	0.00000000E+000	2.07421997E+003
8.05890015E+002	0.00000000E+000	2.10837988E+003
8.02679993E+002	0.00000000E+000	2.18312988E+003
8.00900024E+002	0.00000000E+000	2.21452002E+003
8.00669983E+002	0.00000000E+000	2.24197998E+003
7.99880005E+002	0.00000000E+000	2.29387012E+003
8.02599976E+002	0.00000000E+000	2.32368994E+003
8.04260010E+002	0.00000000E+000	2.35787988E+003
8.04469971E+002	0.00000000E+000	2.36053003E+003
8.06830017E+002	0.00000000E+000	2.39072998E+003
8.08320007E+002	0.00000000E+000	2.41201001E+003
8.11020020E+002	0.00000000E+000	2.45090991E+003
8.10820007E+002	0.00000000E+000	2.47195996E+003
8.10309998E+002	0.00000000E+000	2.52587012E+003
8.09909973E+002	0.00000000E+000	2.55351001E+003
8.09400024E+002	0.00000000E+000	2.58872998E+003
8.09000000E+002	0.00000000E+000	2.63015991E+003
8.08750000E+002	0.00000000E+000	2.65476001E+003
8.08710022E+002	0.00000000E+000	2.67892993E+003
8.08140015E+002	0.00000000E+000	2.71812988E+003
8.07280029E+002	0.00000000E+000	2.75520996E+003
8.07419983E+002	0.00000000E+000	2.75746997E+003
8.08479980E+002	0.00000000E+000	2.75952002E+003
8.09679993E+002	0.00000000E+000	2.76044995E+003
8.10640015E+002	0.00000000E+000	2.76085010E+003
8.11260010E+002	0.00000000E+000	2.76111011E+003
8.39650024E+002	0.00000000E+000	2.76086011E+003
8.67780029E+002	0.00000000E+000	2.75800000E+003
9.05929993E+002	0.00000000E+000	2.75387988E+003
9.33059998E+002	0.00000000E+000	2.75194995E+003
9.48150024E+002	0.00000000E+000	2.75156006E+003
9.74219971E+002	0.00000000E+000	2.75152002E+003
1.00792999E+003	0.00000000E+000	2.75144995E+003
1.08615002E+003	0.00000000E+000	2.75111011E+003
1.12106006E+003	0.00000000E+000	2.75107007E+003
1.20312000E+003	0.00000000E+000	2.75343994E+003
1.25120996E+003	0.00000000E+000	2.75497998E+003
1.33856995E+003	0.00000000E+000	2.75744995E+003
1.34501001E+003	0.00000000E+000	2.75752002E+003
1.35539001E+003	0.00000000E+000	2.75765991E+003
1.36475000E+003	0.00000000E+000	2.76005005E+003
1.36868005E+003	0.00000000E+000	2.76214990E+003
1.37831006E+003	0.00000000E+000	2.76781006E+003
1.38647998E+003	0.00000000E+000	2.77261011E+003
1.38642004E+003	0.00000000E+000	2.75437012E+003
1.40594995E+003	0.00000000E+000	2.75442993E+003
1.43481006E+003	0.00000000E+000	2.75437012E+003
1.50133997E+003	0.00000000E+000	2.75443994E+003
1.56123999E+003	0.00000000E+000	2.75422998E+003
1.56118005E+003	0.00000000E+000	2.75555005E+003
1.60721997E+003	0.00000000E+000	2.75545996E+003
1.65863000E+003	0.00000000E+000	2.75528003E+003
1.69430005E+003	0.00000000E+000	2.75383008E+003
1.70685999E+003	0.00000000E+000	2.79090991E+003
1.70735999E+003	0.00000000E+000	2.79388989E+003
1.70990002E+003	0.00000000E+000	2.80681006E+003
1.71168994E+003	0.00000000E+000	2.82057007E+003
1.71276001E+003	0.00000000E+000	2.83686011E+003
1.71258997E+003	0.00000000E+000	2.85036011E+003
1.71150000E+003	0.00000000E+000	2.86470996E+003
1.71052002E+003	0.00000000E+000	2.87654004E+003
1.70770996E+003	0.00000000E+000	2.90407007E+003
1.70550000E+003	0.00000000E+000	2.92306006E+003
1.70303003E+003	0.00000000E+000	2.94832007E+003
1.70288000E+003	0.00000000E+000	2.94992993E+003
1.70273999E+003	0.00000000E+000	2.95136011E+003
1.69665002E+003	0.00000000E+000	3.01589990E+003
1.69102002E+003	0.00000000E+000	3.06896997E+003
1.68751001E+003	0.00000000E+000	3.08522998E+003
1.68320996E+003	0.00000000E+000	3.09530005E+003
1.67231995E+003	0.00000000E+000	3.10973999E+003
1.66693005E+003	0.00000000E+000	3.14818994E+003
1.67000000E+003	0.00000000E+000	3.14837012E+003
1.66975000E+003	0.00000000E+000	3.15587988E+003
1.67138000E+003	0.00000000E+000	3.15588989E+003
1.67643005E+003	0.00000000E+000	3.15160010E+003
1.67943994E+003	0.00000000E+000	3.15494995E+003
1.67666003E+003	0.00000000E+000	3.15793994E+003
1.67238000E+003	0.00000000E+000	3.16254004E+003
1.67334998E+003	0.00000000E+000	3.16364990E+003
1.67407996E+003	0.00000000E+000	3.16455005E+003
1.67412000E+003	0.00000000E+000	3.17069995E+003
1.67318994E+003	0.00000000E+000	3.17173999E+003
1.66802002E+003	0.00000000E+000	3.17163989E+003
1.66640002E+003	0.00000000E+000	3.17158008E+003
1.66639001E+003	0.00000000E+000	3.17539990E+003
1.66808997E+003	0.00000000E+000	3.17537012E+003
1.67443994E+003	0.00000000E+000	3.17362012E+003
1.69208997E+003	0.00000000E+000	3.15680005E+003
1.73619995E+003	0.00000000E+000	3.15617993E+003
1.75984998E+003	0.00000000E+000	3.15586011E+003
1.75976001E+003	0.00000000E+000	3.14278003E+003
1.75962000E+003	0.00000000E+000	3.12212012E+003
1.75931006E+003	0.00000000E+000	3.09044995E+003
1.75917004E+003	0.00000000E+000	3.06893994E+003
1.75862000E+003	0.00000000E+000	3.00023999E+003
1.75797998E+003	0.00000000E+000	2.94567993E+003
1.75755005E+003	0.00000000E+000	2.89746997E+003
1.75730005E+003	0.00000000E+000	2.85000000E+003
1.75685999E+003	0.00000000E+000	2.81054004E+003
1.75663000E+003	0.00000000E+000	2.77129004E+003
1.75631006E+003	0.00000000E+000	2.73696997E+003
1.75644995E+003	0.00000000E+000	2.73295996E+003
1.75612000E+003	0.00000000E+000	2.72517993E+003
1.75619995E+003	0.00000000E+000	2.70434009E+003
1.75594995E+003	0.00000000E+000	2.69846997E+003
1.75566003E+003	0.00000000E+000	2.69252002E+003
1.75514001E+003	0.00000000E+000	2.68678003E+003
1.75433997E+003	0.00000000E+000	2.68142993E+003
1.75321997E+003	0.00000000E+000	2.67652002E+003
1.75189001E+003	0.00000000E+000	2.67160010E+003
1.74983997E+003	0.00000000E+000	2.66467993E+003
1.74650000E+003	0.00000000E+000	2.65686011E+003
1.74318994E+003	0.00000000E+000	2.64967993E+003
1.73840002E+003	0.00000000E+000	2.64046997E+003
1.73484998E+003	0.00000000E+000	2.63461011E+003
1.73159998E+003	0.00000000E+000	2.63017993E+003
1.72710999E+003	0.00000000E+000	2.62490991E+003
1.72304004E+003	0.00000000E+000	2.61987012E+003
1.71656006E+003	0.00000000E+000	2.61311011E+003
1.71210999E+003	0.00000000E+000	2.60879004E+003
1.70638000E+003	0.00000000E+000	2.60346997E+003
1.69934998E+003	0.00000000E+000	2.59764990E+003
1.69326001E+003	0.00000000E+000	2.59316992E+003
1.68706006E+003	0.00000000E+000	2.58892993E+003
1.67696997E+003	0.00000000E+000	2.58236011E+003
1.66916003E+003	0.00000000E+000	2.57805005E+003
1.66226001E+003	0.00000000E+000	2.57461011E+003
1.65525000E+003	0.00000000E+000	2.57148999E+003
1.64791003E+003	0.00000000E+000	2.56848999E+003
1.63840002E+003	0.00000000E+000	2.56523999E+003
1.62980005E+003	0.00000000E+000	2.56264990E+003
1.62043005E+003	0.00000000E+000	2.56007007E+003
1.61029004E+003	0.00000000E+000	2.55781006E+003
1.59926001E+003	0.00000000E+000	2.55601001E+003
1.58889001E+003	0.00000000E+000	2.55498999E+003
1.55066003E+003	0.00000000E+000	2.55379004E+003
1.52744995E+003	0.00000000E+000	2.55330005E+003
1.52087000E+003	0.00000000E+000	2.55227002E+003
1.51541003E+003	0.00000000E+000	2.55122998E+003
1.50833997E+003	0.00000000E+000	2.54943994E+003
1.50305005E+003	0.00000000E+000	2.54763989E+003
1.49601001E+003	0.00000000E+000	2.54472998E+003
1.48996997E+003	0.00000000E+000	2.54160010E+003
1.48487000E+003	0.00000000E+000	2.53837012E+003
1.48045996E+003	0.00000000E+000	2.53537012E+003
1.47454004E+003	0.00000000E+000	2.53068994E+003
1.46667004E+003	0.00000000E+000	2.52288989E+003
1.46030005E+003	0.00000000E+000	2.51513989E+003
1.45622998E+003	0.00000000E+000	2.50887988E+003
1.45305005E+003	0.00000000E+000	2.50338989E+003
1.44969995E+003	0.00000000E+000	2.49564990E+003
1.44651001E+003	0.00000000E+000	2.48587012E+003
1.44479004E+003	0.00000000E+000	2.47887012E+003
1.44355005E+003	0.00000000E+000	2.47108008E+003
1.44337000E+003	0.00000000E+000	2.46718994E+003
1.44269995E+003	0.00000000E+000	2.43371997E+003
1.44255005E+003	0.00000000E+000	2.42812012E+003
1.44237000E+003	0.00000000E+000	2.41434009E+003
1.44237000E+003	0.00000000E+000	2.41385010E+003
1.44243005E+003	0.00000000E+000	2.40013989E+003
1.44251001E+003	0.00000000E+000	2.38354004E+003
1.44265002E+003	0.00000000E+000	2.35091992E+003
1.44431995E+003	0.00000000E+000	2.34884009E+003
1.46898999E+003	0.00000000E+000	2.34904004E+003
1.46896997E+003	0.00000000E+000	2.34207007E+003
1.46893005E+003	0.00000000E+000	2.34079004E+003
1.46888000E+003	0.00000000E+000	2.33922998E+003
1.44364001E+003	0.00000000E+000	2.33888989E+003
1.44410999E+003	0.00000000E+000	2.29941992E+003
1.44456995E+003	0.00000000E+000	2.25205005E+003
1.45148999E+003	0.00000000E+000	2.25226001E+003
1.45248999E+003	0.00000000E+000	2.12759009E+003
1.45271997E+003	0.00000000E+000	2.03506006E+003
1.45562000E+003	0.00000000E+000	2.03518994E+003
1.46067004E+003	0.00000000E+000	1.94443005E+003
1.46345996E+003	0.00000000E+000	1.85705005E+003
1.46448999E+003	0.00000000E+000	1.81255005E+003
1.46432996E+003	0.00000000E+000	1.79341003E+003
1.46414001E+003	0.00000000E+000	1.77156995E+003
1.46360999E+003	0.00000000E+000	1.70181006E+003
1.46216003E+003	0.00000000E+000	1.65807996E+003
1.46085999E+003	0.00000000E+000	1.62593994E+003
1.45957996E+003	0.00000000E+000	1.60516003E+003
1.45765002E+003	0.00000000E+000	1.60519995E+003
1.45950000E+003	0.00000000E+000	1.47903003E+003
1.46051001E+003	0.00000000E+000	1.38568994E+003
1.45341003E+003	0.00000000E+000	1.38548999E+003
1.45367004E+003	0.00000000E+000	1.36406006E+003
1.45659998E+003	0.00000000E+000	1.35882996E+003
1.45656995E+003	0.00000000E+000	1.34732996E+003
1.45383997E+003	0.00000000E+000	1.34243994E+003
1.45465002E+003	0.00000000E+000	1.25784998E+003
1.45582996E+003	0.00000000E+000	1.15414001E+003
1.45594995E+003	0.00000000E+000	1.13135999E+003
1.45609998E+003	0.00000000E+000	1.04471997E+003
1.46575000E+003	0.00000000E+000	1.04008997E+003
1.47545996E+003	0.00000000E+000	1.03470996E+003
1.48958997E+003	0.00000000E+000	1.02425000E+003
1.49834998E+003	0.00000000E+000	1.01683002E+003
1.50277002E+003	0.00000000E+000	1.01264001E+003
1.50455005E+003	0.00000000E+000	1.01081000E+003
1.50551001E+003	0.00000000E+000	1.00975000E+003
1.50654004E+003	0.00000000E+000	1.00858002E+003
1.51221997E+003	0.00000000E+000	1.00181000E+003
1.51606006E+003	0.00000000E+000	9.96979980E+002
1.52010999E+003	0.00000000E+000	9.91440002E+002
1.52076001E+003	0.00000000E+000	9.90380005E+002
1.52165002E+003	0.00000000E+000	9.89099976E+002
1.52493005E+003	0.00000000E+000	9.82840027E+002
1.52703003E+003	0.00000000E+000	9.77640015E+002
1.54093005E+003	0.00000000E+000	9.78349976E+002
1.55644995E+003	0.00000000E+000	9.78700012E+002
1.55793994E+003	0.00000000E+000	9.78380005E+002
1.56010999E+003	0.00000000E+000	9.78559998E+002
1.56634998E+003	0.00000000E+000	9.78900024E+002
1.56748999E+003	0.00000000E+000	9.78460022E+002
1.56862000E+003	0.00000000E+000	9.78969971E+002
1.57123999E+003	0.00000000E+000	9.79119995E+002
1.57267004E+003	0.00000000E+000	9.78869995E+002
1.57325000E+003	0.00000000E+000	9.79390015E+002
1.57801001E+003	0.00000000E+000	9.79500000E+002
1.58529004E+003	0.00000000E+000	9.84010010E+002
1.59495996E+003	0.00000000E+000	9.88669983E+002
1.60656995E+003	0.00000000E+000	9.93150024E+002
1.61463000E+003	0.00000000E+000	9.95739990E+002
1.62317004E+003	0.00000000E+000	9.97409973E+002
1.63341003E+003	0.00000000E+000	9.98590027E+002
1.65506006E+003	0.00000000E+000	9.99049988E+002
1.66906006E+003	0.00000000E+000	9.98979980E+002
1.68077002E+003	0.00000000E+000	9.99179993E+002
1.69369995E+003	0.00000000E+000	9.97830017E+002
1.70762000E+003	0.00000000E+000	9.94299988E+002
1.71766003E+003	0.00000000E+000	9.90440002E+002
1.72518005E+003	0.00000000E+000	9.86979980E+002
1.73297998E+003	0.00000000E+000	9.82239990E+002
1.74118005E+003	0.00000000E+000	9.76070007E+002
1.74844995E+003	0.00000000E+000	9.69419983E+002
1.75507996E+003	0.00000000E+000	9.61789978E+002
1.76019995E+003	0.00000000E+000	9.54780029E+002
1.76468994E+003	0.00000000E+000	9.47010010E+002
1.76866003E+003	0.00000000E+000	9.39119995E+002
1.77194995E+003	0.00000000E+000	9.30559998E+002
1.77438000E+003	0.00000000E+000	9.21630005E+002
1.77617004E+003	0.00000000E+000	9.12289978E+002
1.77682996E+003	0.00000000E+000	9.02570007E+002
1.77641003E+003	0.00000000E+000	8.92409973E+002
1.77566003E+003	0.00000000E+000	8.85359985E+002
1.77458997E+003	0.00000000E+000	8.79179993E+002
1.77242004E+003	0.00000000E+000	8.70500000E+002
1.76939001E+003	0.00000000E+000	8.61669983E+002
1.76532996E+003	0.00000000E+000	8.53489990E+002
1.76021997E+003	0.00000000E+000	8.44710022E+002
1.75466003E+003	0.00000000E+000	8.37159973E+002
1.74664001E+003	0.00000000E+000	8.28460022E+002
1.74671997E+003	0.00000000E+000	8.03500000E+002
1.74673999E+003	0.00000000E+000	7.99320007E+002
1.74697998E+003	0.00000000E+000	7.51799988E+002
1.66705005E+003	0.00000000E+000	7.50630005E+002
1.65798999E+003	0.00000000E+000	7.50489990E+002
1.63675000E+003	0.00000000E+000	7.50179993E+002
1.63707996E+003	0.00000000E+000	6.82679993E+002
1.63733997E+003	0.00000000E+000	6.31549988E+002
1.63742004E+003	0.00000000E+000	6.14179993E+002
1.63107996E+003	0.00000000E+000	6.14280029E+002
1.62142004E+003	0.00000000E+000	6.14190002E+002
1.60968994E+003	0.00000000E+000	6.14109985E+002
1.53862000E+003	0.00000000E+000	6.13489990E+002
1.52477002E+003	0.00000000E+000	6.13369995E+002
1.50975000E+003	0.00000000E+000	6.13239990E+002
1.43794995E+003	0.00000000E+000	6.12619995E+002
1.33914001E+003	0.00000000E+000	6.11780029E+002
1.32872998E+003	0.00000000E+000	6.11700012E+002
1.29375000E+003	0.00000000E+000	6.11390015E+002
1.25519995E+003	0.00000000E+000	6.11059998E+002
1.23073999E+003	0.00000000E+000	6.10859985E+002
1.22654004E+003	0.00000000E+000	6.36890015E+002
1.21720996E+003	0.00000000E+000	6.99070007E+002
1.21325000E+003	0.00000000E+000	7.25059998E+002
1.21196997E+003	0.00000000E+000	7.45500000E+002
1.21217004E+003	0.00000000E+000	7.61210022E+002
1.21363000E+003	0.00000000E+000	7.76830017E+002
1.21568994E+003	0.00000000E+000	7.93789978E+002
1.22175000E+003	0.00000000E+000	8.15090027E+002
1.22682996E+003	0.00000000E+000	8.30099976E+002
1.23481995E+003	0.00000000E+000	8.48700012E+002
1.24268994E+003	0.00000000E+000	8.63349976E+002
1.25617004E+003	0.00000000E+000	8.83789978E+002
1.22103003E+003	0.00000000E+000	9.09320007E+002
1.12965002E+003	0.00000000E+000	9.08059998E+002
1.08308997E+003	0.00000000E+000	9.07369995E+002
1.07980005E+003	0.00000000E+000	9.07309998E+002
1.06725000E+003	0.00000000E+000	9.07270020E+002
1.06721997E+003	0.00000000E+000	9.12419983E+002
1.07512000E+003	0.00000000E+000	9.26039978E+002
1.07134998E+003	0.00000000E+000	9.38679993E+002
1.06802002E+003	0.00000000E+000	9.49830017E+002
1.05942004E+003	0.00000000E+000	9.78010010E+002
1.02384998E+003	0.00000000E+000	1.09457996E+003
1.02101001E+003	0.00000000E+000	1.10313000E+003
9.98210022E+002	0.00000000E+000	1.17923999E+003
9.81179993E+002	0.00000000E+000	1.23610999E+003
9.79809998E+002	0.00000000E+000	1.24059998E+003
9.64530029E+002	0.00000000E+000	1.29054004E+003
9.59739990E+002	0.00000000E+000	1.43792004E+003
9.57919983E+002	0.00000000E+000	1.50912000E+003
9.58549988E+002	0.00000000E+000	1.53201001E+003
9.58679993E+002	0.00000000E+000	1.53701001E+003
9.57890015E+002	0.00000000E+000	1.58845996E+003
9.56739990E+002	0.00000000E+000	1.65756006E+003
9.57099976E+002	0.00000000E+000	1.73631995E+003
9.56809998E+002	0.00000000E+000	1.76822998E+003
9.56900024E+002	0.00000000E+000	1.78430005E+003
9.56789978E+002	0.00000000E+000	1.79170996E+003
9.56780029E+002	0.00000000E+000	1.79950000E+003
9.56780029E+002	0.00000000E+000	1.81717004E+003
9.56780029E+002	0.00000000E+000	1.81892004E+003
9.56770020E+002	0.00000000E+000	1.82601001E+003
9.56599976E+002	0.00000000E+000	1.83426001E+003
9.56289978E+002	0.00000000E+000	1.85089001E+003
9.51859985E+002	0.00000000E+000	2.08010010E+003
9.54059998E+002	0.00000000E+000	2.08019995E+003
9.53979980E+002	0.00000000E+000	2.08297998E+003
9.53929993E+002	0.00000000E+000	2.08569995E+003
9.53820007E+002	0.00000000E+000	2.09302002E+003
9.53750000E+002	0.00000000E+000	2.10037988E+003
9.53739990E+002	0.00000000E+000	2.10266992E+003
9.53650024E+002	0.00000000E+000	2.10562012E+003
9.53479980E+002	0.00000000E+000	2.11021997E+003
9.51380005E+002	0.00000000E+000	2.18551001E+003
9.51239990E+002	0.00000000E+000	2.21013989E+003
9.51159973E+002	0.00000000E+000	2.22456006E+003
9.48010010E+002	0.00000000E+000	2.24261011E+003
9.44309998E+002	0.00000000E+000	2.26237012E+003
9.38260010E+002	0.00000000E+000	2.29742993E+003
9.37109985E+002	0.00000000E+000	2.31535010E+003
9.36419983E+002	0.00000000E+000	2.33547998E+003
9.36020020E+002	0.00000000E+000	2.36292993E+003
9.30340027E+002	0.00000000E+000	2.36288989E+003
9.20640015E+002	0.00000000E+000	2.36268994E+003
9.07940002E+002	0.00000000E+000	2.36262988E+003
9.04780029E+002	0.00000000E+000	2.36252002E+003
9.03440002E+002	0.00000000E+000	2.36247998E+003
8.96510010E+002	0.00000000E+000	2.36248999E+003
8.92979980E+002	0.00000000E+000	2.36243994E+003
8.88929993E+002	0.00000000E+000	2.36241992E+003
8.88979980E+002	0.00000000E+000	2.35844995E+003
8.89030029E+002	0.00000000E+000	2.34541992E+003
8.89299988E+002	0.00000000E+000	2.27610010E+003
8.90000000E+002	0.00000000E+000	2.24186011E+003
8.89659973E+002	0.00000000E+000	2.22376001E+003
8.91340027E+002	0.00000000E+000	2.16876001E+003
8.91140015E+002	0.00000000E+000	2.15433008E+003
8.90700012E+002	0.00000000E+000	2.12059009E+003
8.90760010E+002	0.00000000E+000	2.10481006E+003
8.90869995E+002	0.00000000E+000	2.10198999E+003
8.90849976E+002	0.00000000E+000	2.09928003E+003
8.90789978E+002	0.00000000E+000	2.09213989E+003
8.91039978E+002	0.00000000E+000	2.08488989E+003
8.91130005E+002	0.00000000E+000	2.08229004E+003
8.91090027E+002	0.00000000E+000	2.07927002E+003
8.91950012E+002	0.00000000E+000	2.07929004E+003
8.91950012E+002	0.00000000E+000	2.07615991E+003
8.92010010E+002	0.00000000E+000	2.06450000E+003
8.93000000E+002	0.00000000E+000	1.95092004E+003
8.92960022E+002	0.00000000E+000	1.94498999E+003
8.93179993E+002	0.00000000E+000	1.89831995E+003
8.93250000E+002	0.00000000E+000	1.88406006E+003
8.93330017E+002	0.00000000E+000	1.87018005E+003
8.93440002E+002	0.00000000E+000	1.86223999E+003
8.93500000E+002	0.00000000E+000	1.85647998E+003
8.93549988E+002	0.00000000E+000	1.84991003E+003
8.93489990E+002	0.00000000E+000	1.84932996E+003
8.93570007E+002	0.00000000E+000	1.83810999E+003
8.93590027E+002	0.00000000E+000	1.82595996E+003
8.93770020E+002	0.00000000E+000	1.81839001E+003
8.93809998E+002	0.00000000E+000	1.81685999E+003
8.94299988E+002	0.00000000E+000	1.80051001E+003
8.94349976E+002	0.00000000E+000	1.79887000E+003
8.94460022E+002	0.00000000E+000	1.79114001E+003
8.94549988E+002	0.00000000E+000	1.78366003E+003
8.94510010E+002	0.00000000E+000	1.77913000E+003
8.95390015E+002	0.00000000E+000	1.76789001E+003
8.95510010E+002	0.00000000E+000	1.76038000E+003
8.95619995E+002	0.00000000E+000	1.75484998E+003
8.95719971E+002	0.00000000E+000	1.74660999E+003
8.96590027E+002	0.00000000E+000	1.67235999E+003
8.96669983E+002	0.00000000E+000	1.66662000E+003
8.96719971E+002	0.00000000E+000	1.66052002E+003
8.97640015E+002	0.00000000E+000	1.54015002E+003
8.98030029E+002	0.00000000E+000	1.51357996E+003
8.99340027E+002	0.00000000E+000	1.40289001E+003
9.00210022E+002	0.00000000E+000	1.32479004E+003
