2
3
1
3
5
1
3
4
5
6
1
5
1
6
13
8
6
7
11
6
8
10
8
9
8
10
11
11
13
6
12
13
11
13
14
15
55
1
13
27
13
15
15
16
17
27
15
17
19
17
18
21
17
19
20
21
19
17
21
27
23
21
22
23
27
21
24
27
23
27
24
25
26
27
25
27
29
41
41
13
27
29
27
28
41
42
43
30
31
29
29
31
32
39
29
32
34
32
33
36
32
34
35
36
34
32
36
37
37
39
32
37
38
39
29
39
40
40
41
29
41
55
13
1
55
0
43
44
45
43
45
48
48
45
46
46
47
48
51
43
48
49
50
48
48
50
51
51
54
43
52
54
51
53
54
52
54
55
43
41
43
55
