0
14
1
14
15
1
2
16
3
16
17
3
4
18
5
18
19
5
6
20
7
20
21
7
8
22
9
22
23
9
10
24
11
24
25
11
12
26
13
26
27
13
14
28
15
28
29
15
16
30
17
30
31
17
18
32
19
32
33
19
20
34
21
34
35
21
22
36
23
36
37
23
24
38
25
38
39
25
26
40
27
40
41
27
28
42
29
42
43
29
30
44
31
44
45
31
32
46
33
46
47
33
34
48
35
48
49
35
36
50
37
50
51
37
38
52
39
52
53
39
40
54
41
54
55
41
58
62
56
58
56
57
60
61
59
62
59
61
59
62
58
64
70
66
65
64
66
67
69
68
69
67
70
66
70
67
