0
40
1
40
41
1
2
42
3
42
43
3
4
44
5
44
45
5
6
46
7
46
47
7
8
48
9
48
49
9
10
50
11
50
51
11
12
52
13
52
53
13
14
54
15
54
55
15
16
56
17
56
57
17
18
58
19
58
59
19
20
60
21
60
61
21
22
62
23
62
63
23
24
64
25
64
65
25
26
66
27
66
67
27
28
68
29
68
69
29
30
70
31
70
71
31
32
72
33
72
73
33
34
74
35
74
75
35
36
76
37
76
77
37
38
78
39
78
79
39
92
95
91
82
83
99
99
83
84
85
86
98
85
98
84
88
89
90
90
86
87
88
90
87
96
91
95
92
93
94
81
99
80
94
95
92
91
96
90
98
86
90
82
99
81
97
90
96
98
90
97
99
84
98
112
116
113
120
104
103
105
104
120
119
107
106
105
119
106
111
110
109
108
107
111
108
111
109
116
112
117
115
114
113
101
120
102
113
116
115
111
117
112
111
107
119
102
120
103
117
111
118
118
111
119
119
105
120
