0
36
1
36
37
1
2
38
3
38
39
3
4
40
5
40
41
5
6
42
7
42
43
7
8
44
9
44
45
9
10
46
11
46
47
11
12
48
13
48
49
13
14
50
15
50
51
15
16
52
17
52
53
17
18
54
19
54
55
19
20
56
21
56
57
21
22
58
23
58
59
23
24
60
25
60
61
25
26
62
27
62
63
27
28
64
29
64
65
29
30
66
31
66
67
31
32
68
33
68
69
33
34
70
35
70
71
35
79
78
77
76
75
74
89
74
73
74
79
77
76
74
77
74
89
79
82
81
80
80
83
82
80
79
86
80
86
83
86
85
84
79
87
86
84
83
86
88
87
89
79
89
87
72
89
73
96
97
98
93
94
95
92
93
108
96
98
93
96
93
95
98
108
93
99
100
101
101
102
99
105
98
99
102
105
99
103
104
105
105
106
98
105
102
103
108
106
107
106
108
98
92
108
91
