0
26
1
26
27
1
2
28
3
28
29
3
4
30
5
30
31
5
6
32
7
32
33
7
8
34
9
34
35
9
10
36
11
36
37
11
12
38
13
38
39
13
14
40
15
40
41
15
16
42
17
42
43
17
18
44
19
44
45
19
20
46
21
46
47
21
22
48
23
48
49
23
24
50
25
50
51
25
57
56
55
55
54
57
63
62
54
60
58
61
57
62
58
62
61
58
60
59
58
64
63
52
53
63
54
54
62
57
63
53
52
69
70
71
71
68
69
68
76
77
75
72
74
72
76
71
72
75
76
72
73
74
66
77
78
68
77
67
71
76
68
66
67
77
