0
36
1
36
37
1
2
38
3
38
39
3
4
40
5
40
41
5
6
42
7
42
43
7
8
44
9
44
45
9
10
46
11
46
47
11
12
48
13
48
49
13
14
50
15
50
51
15
16
52
17
52
53
17
18
54
19
54
55
19
20
56
21
56
57
21
22
58
23
58
59
23
24
60
25
60
61
25
26
62
27
62
63
27
28
64
29
64
65
29
30
66
31
66
67
31
32
68
33
68
69
33
34
70
35
70
71
35
83
82
81
75
80
77
75
74
73
77
80
78
77
76
75
75
73
80
80
79
78
81
80
72
80
73
72
81
84
83
87
86
85
84
72
85
84
81
72
72
89
88
88
85
72
88
87
85
100
101
102
96
99
94
92
93
94
97
99
96
94
95
96
99
92
94
97
98
99
91
99
100
91
92
99
102
103
100
104
105
106
104
91
103
91
100
103
107
108
91
91
104
107
104
106
107
