7.85469971E+002	1.48969584E+001	1.25094995E+003
7.87929993E+002	1.48969584E+001	1.24168005E+003
7.87929993E+002	1.48969584E+001	1.24168005E+003
7.70960022E+002	1.48969584E+001	1.24080005E+003
7.64020020E+002	1.48969584E+001	1.26825000E+003
7.83590027E+002	1.48969584E+001	1.27345996E+003
7.83590027E+002	1.48969584E+001	1.27345996E+003
7.81520020E+002	1.48969584E+001	1.26585999E+003
7.81520020E+002	1.48969584E+001	1.26585999E+003
7.83419983E+002	1.48969584E+001	1.25869995E+003
7.83419983E+002	1.48969584E+001	1.25869995E+003
7.85469971E+002	1.48969584E+001	1.25094995E+003
7.70960022E+002	1.48969584E+001	1.24080005E+003
7.64020020E+002	1.48969584E+001	1.26825000E+003
7.85469971E+002	1.27688217E+001	1.25094995E+003
7.87929993E+002	1.27688217E+001	1.24168005E+003
7.87929993E+002	1.27688217E+001	1.24168005E+003
7.70960022E+002	1.27688217E+001	1.24080005E+003
7.64020020E+002	1.27688217E+001	1.26825000E+003
7.83590027E+002	1.27688217E+001	1.27345996E+003
7.83590027E+002	1.27688217E+001	1.27345996E+003
7.81520020E+002	1.27688217E+001	1.26585999E+003
7.81520020E+002	1.27688217E+001	1.26585999E+003
7.83419983E+002	1.27688217E+001	1.25869995E+003
7.83419983E+002	1.27688217E+001	1.25869995E+003
7.85469971E+002	1.27688217E+001	1.25094995E+003
7.70960022E+002	1.27688217E+001	1.24080005E+003
7.64020020E+002	1.27688217E+001	1.26825000E+003
7.85469971E+002	1.06406841E+001	1.25094995E+003
7.87929993E+002	1.06406841E+001	1.24168005E+003
7.87929993E+002	1.06406841E+001	1.24168005E+003
7.70960022E+002	1.06406841E+001	1.24080005E+003
7.64020020E+002	1.06406841E+001	1.26825000E+003
7.83590027E+002	1.06406841E+001	1.27345996E+003
7.83590027E+002	1.06406841E+001	1.27345996E+003
7.81520020E+002	1.06406841E+001	1.26585999E+003
7.81520020E+002	1.06406841E+001	1.26585999E+003
7.83419983E+002	1.06406841E+001	1.25869995E+003
7.83419983E+002	1.06406841E+001	1.25869995E+003
7.85469971E+002	1.06406841E+001	1.25094995E+003
7.70960022E+002	1.06406841E+001	1.24080005E+003
7.64020020E+002	1.06406841E+001	1.26825000E+003
7.85469971E+002	8.51254749E+000	1.25094995E+003
7.87929993E+002	8.51254749E+000	1.24168005E+003
7.87929993E+002	8.51254749E+000	1.24168005E+003
7.70960022E+002	8.51254749E+000	1.24080005E+003
7.64020020E+002	8.51254749E+000	1.26825000E+003
7.83590027E+002	8.51254749E+000	1.27345996E+003
7.83590027E+002	8.51254749E+000	1.27345996E+003
7.81520020E+002	8.51254749E+000	1.26585999E+003
7.81520020E+002	8.51254749E+000	1.26585999E+003
7.83419983E+002	8.51254749E+000	1.25869995E+003
7.83419983E+002	8.51254749E+000	1.25869995E+003
7.85469971E+002	8.51254749E+000	1.25094995E+003
7.70960022E+002	8.51254749E+000	1.24080005E+003
7.64020020E+002	8.51254749E+000	1.26825000E+003
7.85469971E+002	6.38441086E+000	1.25094995E+003
7.87929993E+002	6.38441086E+000	1.24168005E+003
7.87929993E+002	6.38441086E+000	1.24168005E+003
7.70960022E+002	6.38441086E+000	1.24080005E+003
7.64020020E+002	6.38441086E+000	1.26825000E+003
7.83590027E+002	6.38441086E+000	1.27345996E+003
7.83590027E+002	6.38441086E+000	1.27345996E+003
7.81520020E+002	6.38441086E+000	1.26585999E+003
7.81520020E+002	6.38441086E+000	1.26585999E+003
7.83419983E+002	6.38441086E+000	1.25869995E+003
7.83419983E+002	6.38441086E+000	1.25869995E+003
7.85469971E+002	6.38441086E+000	1.25094995E+003
7.70960022E+002	6.38441086E+000	1.24080005E+003
7.64020020E+002	6.38441086E+000	1.26825000E+003
7.85469971E+002	4.25627375E+000	1.25094995E+003
7.87929993E+002	4.25627375E+000	1.24168005E+003
7.87929993E+002	4.25627375E+000	1.24168005E+003
7.70960022E+002	4.25627375E+000	1.24080005E+003
7.64020020E+002	4.25627375E+000	1.26825000E+003
7.83590027E+002	4.25627375E+000	1.27345996E+003
7.83590027E+002	4.25627375E+000	1.27345996E+003
7.81520020E+002	4.25627375E+000	1.26585999E+003
7.81520020E+002	4.25627375E+000	1.26585999E+003
7.83419983E+002	4.25627375E+000	1.25869995E+003
7.83419983E+002	4.25627375E+000	1.25869995E+003
7.85469971E+002	4.25627375E+000	1.25094995E+003
7.70960022E+002	4.25627375E+000	1.24080005E+003
7.64020020E+002	4.25627375E+000	1.26825000E+003
7.85469971E+002	2.12813687E+000	1.25094995E+003
7.87929993E+002	2.12813687E+000	1.24168005E+003
7.87929993E+002	2.12813687E+000	1.24168005E+003
7.70960022E+002	2.12813687E+000	1.24080005E+003
7.64020020E+002	2.12813687E+000	1.26825000E+003
7.83590027E+002	2.12813687E+000	1.27345996E+003
7.83590027E+002	2.12813687E+000	1.27345996E+003
7.81520020E+002	2.12813687E+000	1.26585999E+003
7.81520020E+002	2.12813687E+000	1.26585999E+003
7.83419983E+002	2.12813687E+000	1.25869995E+003
7.83419983E+002	2.12813687E+000	1.25869995E+003
7.85469971E+002	2.12813687E+000	1.25094995E+003
7.70960022E+002	2.12813687E+000	1.24080005E+003
7.64020020E+002	2.12813687E+000	1.26825000E+003
7.85469971E+002	0.00000000E+000	1.25094995E+003
7.87929993E+002	0.00000000E+000	1.24168005E+003
7.87929993E+002	0.00000000E+000	1.24168005E+003
7.70960022E+002	0.00000000E+000	1.24080005E+003
7.64020020E+002	0.00000000E+000	1.26825000E+003
7.83590027E+002	0.00000000E+000	1.27345996E+003
7.83590027E+002	0.00000000E+000	1.27345996E+003
7.81520020E+002	0.00000000E+000	1.26585999E+003
7.81520020E+002	0.00000000E+000	1.26585999E+003
7.83419983E+002	0.00000000E+000	1.25869995E+003
7.83419983E+002	0.00000000E+000	1.25869995E+003
7.85469971E+002	0.00000000E+000	1.25094995E+003
7.70960022E+002	0.00000000E+000	1.24080005E+003
7.64020020E+002	0.00000000E+000	1.26825000E+003
7.64020020E+002	1.48969584E+001	1.26825000E+003
7.83590027E+002	1.48969584E+001	1.27345996E+003
7.81520020E+002	1.48969584E+001	1.26585999E+003
7.83419983E+002	1.48969584E+001	1.25869995E+003
7.85469971E+002	1.48969584E+001	1.25094995E+003
7.87929993E+002	1.48969584E+001	1.24168005E+003
7.70960022E+002	1.48969584E+001	1.24080005E+003
7.64020020E+002	1.48969584E+001	1.26825000E+003
7.64020020E+002	0.00000000E+000	1.26825000E+003
7.83590027E+002	0.00000000E+000	1.27345996E+003
7.81520020E+002	0.00000000E+000	1.26585999E+003
7.83419983E+002	0.00000000E+000	1.25869995E+003
7.85469971E+002	0.00000000E+000	1.25094995E+003
7.87929993E+002	0.00000000E+000	1.24168005E+003
7.70960022E+002	0.00000000E+000	1.24080005E+003
7.64020020E+002	0.00000000E+000	1.26825000E+003
