0
36
1
36
37
1
2
38
3
38
39
3
4
40
5
40
41
5
6
42
7
42
43
7
8
44
9
44
45
9
10
46
11
46
47
11
12
48
13
48
49
13
14
50
15
50
51
15
16
52
17
52
53
17
18
54
19
54
55
19
20
56
21
56
57
21
22
58
23
58
59
23
24
60
25
60
61
25
26
62
27
62
63
27
28
64
29
64
65
29
30
66
31
66
67
31
32
68
33
68
69
33
34
70
35
70
71
35
74
73
72
72
80
78
74
76
75
72
77
74
76
74
77
72
78
77
81
86
82
80
79
78
86
83
82
86
81
80
83
86
84
87
86
80
86
85
84
87
72
88
72
87
80
88
72
89
91
92
93
97
99
91
94
95
93
93
96
91
96
93
95
96
97
91
101
105
100
97
98
99
101
102
105
99
100
105
103
105
102
99
105
106
103
104
105
107
91
106
99
106
91
108
91
107
