0
28
1
28
29
1
2
30
3
30
31
3
4
32
5
32
33
5
6
34
7
34
35
7
8
36
9
36
37
9
10
38
11
38
39
11
12
40
13
40
41
13
14
42
15
42
43
15
16
44
17
44
45
17
18
46
19
46
47
19
20
48
21
48
49
21
22
50
23
50
51
23
24
52
25
52
53
25
26
54
27
54
55
27
64
66
57
57
60
64
60
57
58
58
59
60
62
60
61
63
60
62
63
64
60
56
57
68
66
64
65
57
66
67
68
57
67
68
69
56
72
81
79
79
75
72
73
72
75
75
74
73
76
75
77
77
75
78
75
79
78
83
72
71
80
79
81
82
81
72
82
72
83
71
84
83
