0
48
1
48
49
1
2
50
3
50
51
3
4
52
5
52
53
5
6
54
7
54
55
7
8
56
9
56
57
9
10
58
11
58
59
11
12
60
13
60
61
13
14
62
15
62
63
15
16
64
17
64
65
17
18
66
19
66
67
19
20
68
21
68
69
21
22
70
23
70
71
23
24
72
25
72
73
25
26
74
27
74
75
27
28
76
29
76
77
29
30
78
31
78
79
31
32
80
33
80
81
33
34
82
35
82
83
35
36
84
37
84
85
37
38
86
39
86
87
39
40
88
41
88
89
41
42
90
43
90
91
43
44
92
45
92
93
45
46
94
47
94
95
47
98
97
99
96
103
97
119
118
96
100
102
101
99
97
100
100
97
102
96
104
103
97
103
102
105
104
118
106
105
117
118
117
105
108
115
114
107
117
115
108
111
110
110
109
108
112
111
113
108
114
111
113
111
114
108
107
115
115
117
116
117
107
106
96
118
104
124
122
123
122
128
121
121
143
144
126
127
125
125
122
124
127
122
125
128
129
121
127
128
122
143
129
130
142
130
131
130
142
143
139
140
133
140
142
132
135
136
133
133
134
135
138
136
137
136
139
133
139
136
138
140
132
133
141
142
140
131
132
142
129
143
121
