0
12
1
12
13
1
2
14
3
14
15
3
4
16
5
16
17
5
6
18
7
18
19
7
8
20
9
20
21
9
10
22
11
22
23
11
12
24
13
24
25
13
14
26
15
26
27
15
16
28
17
28
29
17
18
30
19
30
31
19
20
32
21
32
33
21
22
34
23
34
35
23
24
36
25
36
37
25
26
38
27
38
39
27
28
40
29
40
41
29
30
42
31
42
43
31
32
44
33
44
45
33
34
46
35
46
47
35
36
48
37
48
49
37
38
50
39
50
51
39
40
52
41
52
53
41
42
54
43
54
55
43
44
56
45
56
57
45
46
58
47
58
59
47
48
60
49
60
61
49
50
62
51
62
63
51
52
64
53
64
65
53
54
66
55
66
67
55
56
68
57
68
69
57
58
70
59
70
71
59
74
73
72
75
77
76
75
74
77
72
77
74
79
80
81
83
84
82
84
81
82
81
84
79
