0
26
1
26
27
1
2
28
3
28
29
3
4
30
5
30
31
5
6
32
7
32
33
7
8
34
9
34
35
9
10
36
11
36
37
11
12
38
13
38
39
13
14
40
15
40
41
15
16
42
17
42
43
17
18
44
19
44
45
19
20
46
21
46
47
21
22
48
23
48
49
23
24
50
25
50
51
25
57
53
63
57
56
53
55
54
53
58
62
60
56
55
53
63
62
58
58
60
59
60
62
61
57
63
58
64
53
52
64
63
53
77
67
71
67
70
71
67
68
69
74
76
72
67
69
70
72
76
77
73
74
72
75
76
74
72
77
71
66
67
78
67
77
78
