0
26
1
26
27
1
2
28
3
28
29
3
4
30
5
30
31
5
6
32
7
32
33
7
8
34
9
34
35
9
10
36
11
36
37
11
12
38
13
38
39
13
14
40
15
40
41
15
16
42
17
42
43
17
18
44
19
44
45
19
20
46
21
46
47
21
22
48
23
48
49
23
24
50
25
50
51
25
56
54
53
56
52
57
55
54
56
56
53
52
60
59
58
61
58
57
64
63
62
61
60
58
57
64
61
52
64
57
61
64
62
67
68
70
71
66
70
70
68
69
66
67
70
72
73
74
71
72
75
76
77
78
72
74
75
75
78
71
71
78
66
76
78
75
