0
82
1
82
83
1
2
84
3
84
85
3
4
86
5
86
87
5
6
88
7
88
89
7
8
90
9
90
91
9
10
92
11
92
93
11
12
94
13
94
95
13
14
96
15
96
97
15
16
98
17
98
99
17
18
100
19
100
101
19
20
102
21
102
103
21
22
104
23
104
105
23
24
106
25
106
107
25
26
108
27
108
109
27
28
110
29
110
111
29
30
112
31
112
113
31
32
114
33
114
115
33
34
116
35
116
117
35
36
118
37
118
119
37
38
120
39
120
121
39
40
122
41
122
123
41
42
124
43
124
125
43
44
126
45
126
127
45
46
128
47
128
129
47
48
130
49
130
131
49
50
132
51
132
133
51
52
134
53
134
135
53
54
136
55
136
137
55
56
138
57
138
139
57
58
140
59
140
141
59
60
142
61
142
143
61
62
144
63
144
145
63
64
146
65
146
147
65
66
148
67
148
149
67
68
150
69
150
151
69
70
152
71
152
153
71
72
154
73
154
155
73
74
156
75
156
157
75
76
158
77
158
159
77
78
160
79
160
161
79
80
162
81
162
163
81
179
184
183
183
182
181
204
165
164
175
171
170
168
167
170
170
169
168
172
175
174
167
166
170
171
175
172
172
174
173
177
175
170
175
177
176
170
166
177
180
183
181
166
178
177
179
178
184
180
179
183
191
190
192
193
185
194
185
188
186
188
187
186
189
188
190
190
193
192
188
185
193
188
193
190
195
194
185
196
195
184
185
184
195
197
184
178
184
197
196
197
199
198
197
178
166
200
197
201
200
199
197
166
202
201
201
197
166
165
203
166
202
166
203
165
204
203
225
226
221
223
224
225
206
207
246
212
213
217
212
209
210
210
211
212
216
217
214
212
208
209
214
217
213
215
216
214
212
217
219
218
219
217
219
208
212
223
225
222
219
220
208
226
220
221
225
221
222
234
232
233
236
227
235
228
230
227
228
229
230
232
230
231
234
235
232
235
227
230
232
235
230
227
236
237
226
237
238
237
226
227
220
226
239
238
239
226
240
241
239
208
220
239
243
239
242
239
241
242
243
244
208
208
239
243
208
245
207
245
208
244
245
246
207
