0
66
1
66
67
1
2
68
3
68
69
3
4
70
5
70
71
5
6
72
7
72
73
7
8
74
9
74
75
9
10
76
11
76
77
11
12
78
13
78
79
13
14
80
15
80
81
15
16
82
17
82
83
17
18
84
19
84
85
19
20
86
21
86
87
21
22
88
23
88
89
23
24
90
25
90
91
25
26
92
27
92
93
27
28
94
29
94
95
29
30
96
31
96
97
31
32
98
33
98
99
33
34
100
35
100
101
35
36
102
37
102
103
37
38
104
39
104
105
39
40
106
41
106
107
41
42
108
43
108
109
43
44
110
45
110
111
45
46
112
47
112
113
47
48
114
49
114
115
49
50
116
51
116
117
51
52
118
53
118
119
53
54
120
55
120
121
55
56
122
57
122
123
57
58
124
59
124
125
59
60
126
61
126
127
61
62
128
63
128
129
63
64
130
65
130
131
65
66
132
67
132
133
67
68
134
69
134
135
69
70
136
71
136
137
71
72
138
73
138
139
73
74
140
75
140
141
75
76
142
77
142
143
77
78
144
79
144
145
79
80
146
81
146
147
81
82
148
83
148
149
83
84
150
85
150
151
85
86
152
87
152
153
87
88
154
89
154
155
89
90
156
91
156
157
91
92
158
93
158
159
93
94
160
95
160
161
95
96
162
97
162
163
97
98
164
99
164
165
99
100
166
101
166
167
101
102
168
103
168
169
103
104
170
105
170
171
105
106
172
107
172
173
107
108
174
109
174
175
109
110
176
111
176
177
111
112
178
113
178
179
113
114
180
115
180
181
115
116
182
117
182
183
117
118
184
119
184
185
119
120
186
121
186
187
121
122
188
123
188
189
123
124
190
125
190
191
125
126
192
127
192
193
127
128
194
129
194
195
129
130
196
131
196
197
131
132
198
133
198
199
133
134
200
135
200
201
135
136
202
137
202
203
137
138
204
139
204
205
139
140
206
141
206
207
141
142
208
143
208
209
143
144
210
145
210
211
145
146
212
147
212
213
147
148
214
149
214
215
149
150
216
151
216
217
151
152
218
153
218
219
153
154
220
155
220
221
155
156
222
157
222
223
157
158
224
159
224
225
159
160
226
161
226
227
161
162
228
163
228
229
163
164
230
165
230
231
165
166
232
167
232
233
167
168
234
169
234
235
169
170
236
171
236
237
171
172
238
173
238
239
173
174
240
175
240
241
175
176
242
177
242
243
177
178
244
179
244
245
179
180
246
181
246
247
181
182
248
183
248
249
183
184
250
185
250
251
185
186
252
187
252
253
187
188
254
189
254
255
189
190
256
191
256
257
191
192
258
193
258
259
193
194
260
195
260
261
195
196
262
197
262
263
197
276
274
275
274
271
273
266
267
269
268
269
267
269
270
274
274
270
271
287
265
266
271
272
273
276
266
269
276
269
274
276
281
266
278
276
277
281
278
280
280
278
279
276
278
281
266
281
285
291
264
265
282
284
281
282
283
284
284
285
281
285
287
266
285
286
287
265
287
288
288
289
265
264
291
292
291
289
290
289
291
265
264
292
294
293
294
292
294
295
264
296
264
295
309
308
310
307
305
308
303
301
300
301
303
302
308
304
303
305
304
308
300
299
321
307
306
305
303
300
310
308
303
310
300
315
310
311
310
312
314
312
315
313
312
314
315
312
310
319
315
300
299
298
325
315
318
316
318
317
316
315
319
318
300
321
319
321
320
319
322
321
299
299
323
322
326
325
298
324
323
325
299
325
323
328
326
298
326
328
327
298
329
328
329
298
330
