0
32
1
32
33
1
2
34
3
34
35
3
4
36
5
36
37
5
6
38
7
38
39
7
8
40
9
40
41
9
10
42
11
42
43
11
12
44
13
44
45
13
14
46
15
46
47
15
16
48
17
48
49
17
18
50
19
50
51
19
20
52
21
52
53
21
22
54
23
54
55
23
24
56
25
56
57
25
26
58
27
58
59
27
28
60
29
60
61
29
30
62
31
62
63
31
67
71
72
68
69
70
66
64
65
68
70
67
67
76
66
70
71
67
66
76
77
76
67
72
72
73
75
73
74
75
72
75
76
66
77
64
64
77
79
79
77
78
89
88
84
87
86
85
82
81
83
84
87
85
83
93
84
84
88
87
94
93
83
89
84
93
92
90
89
92
91
90
93
92
89
81
94
83
96
94
81
95
94
96
