0
28
1
28
29
1
2
30
3
30
31
3
4
32
5
32
33
5
6
34
7
34
35
7
8
36
9
36
37
9
10
38
11
38
39
11
12
40
13
40
41
13
14
42
15
42
43
15
16
44
17
44
45
17
18
46
19
46
47
19
20
48
21
48
49
21
22
50
23
50
51
23
24
52
25
52
53
25
26
54
27
54
55
27
68
69
67
58
59
60
57
58
56
58
66
56
67
56
66
66
60
61
61
62
66
64
62
63
64
65
62
62
65
66
60
66
58
56
67
69
82
84
83
75
74
73
71
73
72
71
81
73
81
71
82
76
75
81
81
77
76
78
77
79
77
80
79
81
80
77
73
81
75
84
82
71
