0
24
1
24
25
1
2
26
3
26
27
3
4
28
5
28
29
5
6
30
7
30
31
7
8
32
9
32
33
9
10
34
11
34
35
11
12
36
13
36
37
13
14
38
15
38
39
15
16
40
17
40
41
17
18
42
19
42
43
19
20
44
21
44
45
21
22
46
23
46
47
23
56
55
51
52
55
53
50
58
51
53
55
54
59
58
48
52
51
55
51
57
56
49
58
50
51
58
57
58
49
48
64
68
69
66
68
65
64
71
63
67
68
66
61
71
72
68
64
65
69
70
64
63
71
62
70
71
64
61
62
71
