0
34
1
34
35
1
2
36
3
36
37
3
4
38
5
38
39
5
6
40
7
40
41
7
8
42
9
42
43
9
10
44
11
44
45
11
12
46
13
46
47
13
14
48
15
48
49
15
16
50
17
50
51
17
18
52
19
52
53
19
20
54
21
54
55
21
22
56
23
56
57
23
24
58
25
58
59
25
26
60
27
60
61
27
28
62
29
62
63
29
30
64
31
64
65
31
32
66
33
66
67
33
73
74
76
73
76
70
69
70
68
76
68
70
71
73
70
71
72
73
75
76
74
76
84
68
84
76
77
79
77
78
79
81
77
79
80
81
77
81
84
82
84
81
82
83
84
94
92
91
88
94
91
86
88
87
88
86
94
88
91
89
91
90
89
92
94
93
86
102
94
95
94
102
96
95
97
95
99
97
99
98
97
102
99
95
99
102
100
102
101
100
