0
34
1
34
35
1
2
36
3
36
37
3
4
38
5
38
39
5
6
40
7
40
41
7
8
42
9
42
43
9
10
44
11
44
45
11
12
46
13
46
47
13
14
48
15
48
49
15
16
50
17
50
51
17
18
52
19
52
53
19
20
54
21
54
55
21
22
56
23
56
57
23
24
58
25
58
59
25
26
60
27
60
61
27
28
62
29
62
63
29
30
64
31
64
65
31
32
66
33
66
67
33
72
73
71
73
70
71
70
73
74
83
69
70
70
74
83
74
75
83
77
78
82
75
76
77
82
83
77
79
80
81
69
84
68
82
79
81
79
82
78
84
69
83
83
75
77
89
91
90
89
88
91
92
91
88
88
87
101
101
92
88
101
93
92
100
96
95
95
94
93
95
101
100
99
98
97
86
102
87
99
97
100
96
100
97
101
87
102
95
93
101
