0
30
1
30
31
1
2
32
3
32
33
3
4
34
5
34
35
5
6
36
7
36
37
7
8
38
9
38
39
9
10
40
11
40
41
11
12
42
13
42
43
13
14
44
15
44
45
15
16
46
17
46
47
17
18
48
19
48
49
19
20
50
21
50
51
21
22
52
23
52
53
23
24
54
25
54
55
25
26
56
27
56
57
27
28
58
29
58
59
29
63
74
61
69
73
74
74
60
61
61
62
63
64
67
63
64
65
66
66
67
64
74
67
69
74
63
67
68
69
67
70
72
69
71
72
70
69
72
73
77
90
79
90
89
85
77
76
90
79
78
77
79
83
80
82
81
80
80
83
82
85
83
90
83
79
90
83
85
84
85
88
86
86
88
87
89
88
85
