0
30
1
30
31
1
2
32
3
32
33
3
4
34
5
34
35
5
6
36
7
36
37
7
8
38
9
38
39
9
10
40
11
40
41
11
12
42
13
42
43
13
14
44
15
44
45
15
16
46
17
46
47
17
18
48
19
48
49
19
20
50
21
50
51
21
22
52
23
52
53
23
24
54
25
54
55
25
26
56
27
56
57
27
28
58
29
58
59
29
64
63
61
64
67
65
63
62
61
67
66
65
61
67
64
69
68
67
73
69
67
70
73
72
70
69
73
70
72
71
74
73
60
73
61
60
61
73
67
77
79
80
81
83
80
77
78
79
81
82
83
80
83
77
83
84
85
83
85
89
88
89
86
89
85
86
87
88
86
76
89
90
76
77
89
83
89
77
