0
18
1
18
19
1
2
20
3
20
21
3
4
22
5
22
23
5
6
24
7
24
25
7
8
26
9
26
27
9
10
28
11
28
29
11
12
30
13
30
31
13
14
32
15
32
33
15
16
34
17
34
35
17
18
36
19
36
37
19
20
38
21
38
39
21
22
40
23
40
41
23
24
42
25
42
43
25
26
44
27
44
45
27
28
46
29
46
47
29
30
48
31
48
49
31
32
50
33
50
51
33
34
52
35
52
53
35
36
54
37
54
55
37
38
56
39
56
57
39
40
58
41
58
59
41
42
60
43
60
61
43
44
62
45
62
63
45
46
64
47
64
65
47
48
66
49
66
67
49
50
68
51
68
69
51
52
70
53
70
71
53
54
72
55
72
73
55
56
74
57
74
75
57
58
76
59
76
77
59
60
78
61
78
79
61
62
80
63
80
81
63
64
82
65
82
83
65
66
84
67
84
85
67
68
86
69
86
87
69
70
88
71
88
89
71
93
92
91
94
93
91
90
94
91
97
96
95
94
97
95
98
94
90
98
97
94
101
102
103
101
103
104
101
104
100
105
106
107
105
107
104
100
104
108
104
107
108
