0
32
1
32
33
1
2
34
3
34
35
3
4
36
5
36
37
5
6
38
7
38
39
7
8
40
9
40
41
9
10
42
11
42
43
11
12
44
13
44
45
13
14
46
15
46
47
15
16
48
17
48
49
17
18
50
19
50
51
19
20
52
21
52
53
21
22
54
23
54
55
23
24
56
25
56
57
25
26
58
27
58
59
27
28
60
29
60
61
29
30
62
31
62
63
31
72
70
71
65
67
64
65
66
67
79
64
67
75
69
70
68
69
76
79
67
68
73
70
72
73
74
70
74
75
70
76
69
75
76
77
68
68
77
78
68
78
79
88
87
89
81
84
82
84
83
82
84
81
96
87
86
92
93
86
85
85
84
96
89
87
90
87
91
90
87
92
91
92
86
93
85
94
93
95
94
85
96
95
85
