0
38
1
38
39
1
2
40
3
40
41
3
4
42
5
42
43
5
6
44
7
44
45
7
8
46
9
46
47
9
10
48
11
48
49
11
12
50
13
50
51
13
14
52
15
52
53
15
16
54
17
54
55
17
18
56
19
56
57
19
20
58
21
58
59
21
22
60
23
60
61
23
24
62
25
62
63
25
26
64
27
64
65
27
28
66
29
66
67
29
30
68
31
68
69
31
32
70
33
70
71
33
34
72
35
72
73
35
36
74
37
74
75
37
90
87
88
82
79
80
82
83
77
82
77
78
79
82
78
80
81
82
87
76
86
86
77
83
84
86
83
84
85
86
86
76
77
76
90
94
89
90
88
90
76
87
92
93
94
94
91
92
91
94
90
108
107
110
100
99
102
97
103
102
98
97
102
98
102
99
102
101
100
106
96
107
103
97
106
103
106
104
106
105
104
97
96
106
114
110
96
108
110
109
107
96
110
114
113
112
112
111
114
110
114
111
