0
26
1
26
27
1
2
28
3
28
29
3
4
30
5
30
31
5
6
32
7
32
33
7
8
34
9
34
35
9
10
36
11
36
37
11
12
38
13
38
39
13
14
40
15
40
41
15
16
42
17
42
43
17
18
44
19
44
45
19
20
46
21
46
47
21
22
48
23
48
49
23
24
50
25
50
51
25
60
58
62
57
56
58
56
55
54
60
59
58
62
61
60
52
64
53
53
64
63
63
62
56
56
62
58
63
54
53
54
63
56
76
72
74
72
70
71
68
69
70
72
73
74
74
75
76
67
78
66
77
78
67
70
76
77
72
76
70
67
68
77
70
77
68
