0
36
1
36
37
1
2
38
3
38
39
3
4
40
5
40
41
5
6
42
7
42
43
7
8
44
9
44
45
9
10
46
11
46
47
11
12
48
13
48
49
13
14
50
15
50
51
15
16
52
17
52
53
17
18
54
19
54
55
19
20
56
21
56
57
21
22
58
23
58
59
23
24
60
25
60
61
25
26
62
27
62
63
27
28
64
29
64
65
29
30
66
31
66
67
31
32
68
33
68
69
33
34
70
35
70
71
35
82
81
75
88
86
85
77
79
78
82
75
83
77
76
79
79
81
80
79
76
75
81
79
75
85
83
75
83
85
84
73
85
74
85
75
74
86
88
87
72
85
73
85
72
88
89
88
72
94
100
101
104
105
107
97
98
96
102
94
101
98
95
96
99
100
98
94
95
98
94
98
100
94
102
104
103
104
102
93
104
92
93
94
104
106
107
105
92
104
91
107
91
104
91
107
108
