0
24
1
24
25
1
2
26
3
26
27
3
4
28
5
28
29
5
6
30
7
30
31
7
8
32
9
32
33
9
10
34
11
34
35
11
12
36
13
36
37
13
14
38
15
38
39
15
16
40
17
40
41
17
18
42
19
42
43
19
20
44
21
44
45
21
22
46
23
46
47
23
53
49
52
49
50
52
55
53
54
51
52
50
48
49
56
55
56
53
53
56
49
48
56
57
48
57
59
58
59
57
65
62
66
65
63
62
67
66
68
63
65
64
69
62
61
66
69
68
62
69
66
70
69
61
72
70
61
70
72
71
