4.13320007E+002	2.99900055E+001	1.28616003E+003
4.22500000E+002	2.99900055E+001	1.28973999E+003
4.52619995E+002	2.99900055E+001	1.25206995E+003
4.53309998E+002	2.99900055E+001	1.25012000E+003
4.54630005E+002	2.99900055E+001	1.25291003E+003
4.52619995E+002	2.99900055E+001	1.25206995E+003
4.36769989E+002	2.99900055E+001	1.29547998E+003
4.54630005E+002	2.99900055E+001	1.25291003E+003
4.28679993E+002	2.99900055E+001	1.29206995E+003
4.36769989E+002	2.99900055E+001	1.29547998E+003
4.44589996E+002	2.99900055E+001	1.25401001E+003
4.28679993E+002	2.99900055E+001	1.29206995E+003
4.22500000E+002	2.99900055E+001	1.28973999E+003
4.37880005E+002	2.99900055E+001	1.25126001E+003
4.53309998E+002	2.99900055E+001	1.25012000E+003
4.31279999E+002	2.99900055E+001	1.24104004E+003
4.37880005E+002	2.99900055E+001	1.25126001E+003
4.44589996E+002	2.99900055E+001	1.25401001E+003
4.31279999E+002	2.99900055E+001	1.24104004E+003
4.13320007E+002	2.99900055E+001	1.28616003E+003
4.13320007E+002	2.78478622E+001	1.28616003E+003
4.22500000E+002	2.78478622E+001	1.28973999E+003
4.52619995E+002	2.78478622E+001	1.25206995E+003
4.53309998E+002	2.78478622E+001	1.25012000E+003
4.54630005E+002	2.78478622E+001	1.25291003E+003
4.52619995E+002	2.78478622E+001	1.25206995E+003
4.36769989E+002	2.78478622E+001	1.29547998E+003
4.54630005E+002	2.78478622E+001	1.25291003E+003
4.28679993E+002	2.78478622E+001	1.29206995E+003
4.36769989E+002	2.78478622E+001	1.29547998E+003
4.44589996E+002	2.78478622E+001	1.25401001E+003
4.28679993E+002	2.78478622E+001	1.29206995E+003
4.22500000E+002	2.78478622E+001	1.28973999E+003
4.37880005E+002	2.78478622E+001	1.25126001E+003
4.53309998E+002	2.78478622E+001	1.25012000E+003
4.31279999E+002	2.78478622E+001	1.24104004E+003
4.37880005E+002	2.78478622E+001	1.25126001E+003
4.44589996E+002	2.78478622E+001	1.25401001E+003
4.31279999E+002	2.78478622E+001	1.24104004E+003
4.13320007E+002	2.78478622E+001	1.28616003E+003
4.13320007E+002	2.57057190E+001	1.28616003E+003
4.22500000E+002	2.57057190E+001	1.28973999E+003
4.52619995E+002	2.57057190E+001	1.25206995E+003
4.53309998E+002	2.57057190E+001	1.25012000E+003
4.54630005E+002	2.57057190E+001	1.25291003E+003
4.52619995E+002	2.57057190E+001	1.25206995E+003
4.36769989E+002	2.57057190E+001	1.29547998E+003
4.54630005E+002	2.57057190E+001	1.25291003E+003
4.28679993E+002	2.57057190E+001	1.29206995E+003
4.36769989E+002	2.57057190E+001	1.29547998E+003
4.44589996E+002	2.57057190E+001	1.25401001E+003
4.28679993E+002	2.57057190E+001	1.29206995E+003
4.22500000E+002	2.57057190E+001	1.28973999E+003
4.37880005E+002	2.57057190E+001	1.25126001E+003
4.53309998E+002	2.57057190E+001	1.25012000E+003
4.31279999E+002	2.57057190E+001	1.24104004E+003
4.37880005E+002	2.57057190E+001	1.25126001E+003
4.44589996E+002	2.57057190E+001	1.25401001E+003
4.31279999E+002	2.57057190E+001	1.24104004E+003
4.13320007E+002	2.57057190E+001	1.28616003E+003
4.13320007E+002	2.35635757E+001	1.28616003E+003
4.22500000E+002	2.35635757E+001	1.28973999E+003
4.52619995E+002	2.35635757E+001	1.25206995E+003
4.53309998E+002	2.35635757E+001	1.25012000E+003
4.54630005E+002	2.35635757E+001	1.25291003E+003
4.52619995E+002	2.35635757E+001	1.25206995E+003
4.36769989E+002	2.35635757E+001	1.29547998E+003
4.54630005E+002	2.35635757E+001	1.25291003E+003
4.28679993E+002	2.35635757E+001	1.29206995E+003
4.36769989E+002	2.35635757E+001	1.29547998E+003
4.44589996E+002	2.35635757E+001	1.25401001E+003
4.28679993E+002	2.35635757E+001	1.29206995E+003
4.22500000E+002	2.35635757E+001	1.28973999E+003
4.37880005E+002	2.35635757E+001	1.25126001E+003
4.53309998E+002	2.35635757E+001	1.25012000E+003
4.31279999E+002	2.35635757E+001	1.24104004E+003
4.37880005E+002	2.35635757E+001	1.25126001E+003
4.44589996E+002	2.35635757E+001	1.25401001E+003
4.31279999E+002	2.35635757E+001	1.24104004E+003
4.13320007E+002	2.35635757E+001	1.28616003E+003
4.13320007E+002	2.14214325E+001	1.28616003E+003
4.22500000E+002	2.14214325E+001	1.28973999E+003
4.52619995E+002	2.14214325E+001	1.25206995E+003
4.53309998E+002	2.14214325E+001	1.25012000E+003
4.54630005E+002	2.14214325E+001	1.25291003E+003
4.52619995E+002	2.14214325E+001	1.25206995E+003
4.36769989E+002	2.14214325E+001	1.29547998E+003
4.54630005E+002	2.14214325E+001	1.25291003E+003
4.28679993E+002	2.14214325E+001	1.29206995E+003
4.36769989E+002	2.14214325E+001	1.29547998E+003
4.44589996E+002	2.14214325E+001	1.25401001E+003
4.28679993E+002	2.14214325E+001	1.29206995E+003
4.22500000E+002	2.14214325E+001	1.28973999E+003
4.37880005E+002	2.14214325E+001	1.25126001E+003
4.53309998E+002	2.14214325E+001	1.25012000E+003
4.31279999E+002	2.14214325E+001	1.24104004E+003
4.37880005E+002	2.14214325E+001	1.25126001E+003
4.44589996E+002	2.14214325E+001	1.25401001E+003
4.31279999E+002	2.14214325E+001	1.24104004E+003
4.13320007E+002	2.14214325E+001	1.28616003E+003
4.13320007E+002	1.92792892E+001	1.28616003E+003
4.22500000E+002	1.92792892E+001	1.28973999E+003
4.52619995E+002	1.92792892E+001	1.25206995E+003
4.53309998E+002	1.92792892E+001	1.25012000E+003
4.54630005E+002	1.92792892E+001	1.25291003E+003
4.52619995E+002	1.92792892E+001	1.25206995E+003
4.36769989E+002	1.92792892E+001	1.29547998E+003
4.54630005E+002	1.92792892E+001	1.25291003E+003
4.28679993E+002	1.92792892E+001	1.29206995E+003
4.36769989E+002	1.92792892E+001	1.29547998E+003
4.44589996E+002	1.92792892E+001	1.25401001E+003
4.28679993E+002	1.92792892E+001	1.29206995E+003
4.22500000E+002	1.92792892E+001	1.28973999E+003
4.37880005E+002	1.92792892E+001	1.25126001E+003
4.53309998E+002	1.92792892E+001	1.25012000E+003
4.31279999E+002	1.92792892E+001	1.24104004E+003
4.37880005E+002	1.92792892E+001	1.25126001E+003
4.44589996E+002	1.92792892E+001	1.25401001E+003
4.31279999E+002	1.92792892E+001	1.24104004E+003
4.13320007E+002	1.92792892E+001	1.28616003E+003
4.13320007E+002	1.71371460E+001	1.28616003E+003
4.22500000E+002	1.71371460E+001	1.28973999E+003
4.52619995E+002	1.71371460E+001	1.25206995E+003
4.53309998E+002	1.71371460E+001	1.25012000E+003
4.54630005E+002	1.71371460E+001	1.25291003E+003
4.52619995E+002	1.71371460E+001	1.25206995E+003
4.36769989E+002	1.71371460E+001	1.29547998E+003
4.54630005E+002	1.71371460E+001	1.25291003E+003
4.28679993E+002	1.71371460E+001	1.29206995E+003
4.36769989E+002	1.71371460E+001	1.29547998E+003
4.44589996E+002	1.71371460E+001	1.25401001E+003
4.28679993E+002	1.71371460E+001	1.29206995E+003
4.22500000E+002	1.71371460E+001	1.28973999E+003
4.37880005E+002	1.71371460E+001	1.25126001E+003
4.53309998E+002	1.71371460E+001	1.25012000E+003
4.31279999E+002	1.71371460E+001	1.24104004E+003
4.37880005E+002	1.71371460E+001	1.25126001E+003
4.44589996E+002	1.71371460E+001	1.25401001E+003
4.31279999E+002	1.71371460E+001	1.24104004E+003
4.13320007E+002	1.71371460E+001	1.28616003E+003
4.13320007E+002	1.49950027E+001	1.28616003E+003
4.22500000E+002	1.49950027E+001	1.28973999E+003
4.52619995E+002	1.49950027E+001	1.25206995E+003
4.53309998E+002	1.49950027E+001	1.25012000E+003
4.54630005E+002	1.49950027E+001	1.25291003E+003
4.52619995E+002	1.49950027E+001	1.25206995E+003
4.36769989E+002	1.49950027E+001	1.29547998E+003
4.54630005E+002	1.49950027E+001	1.25291003E+003
4.28679993E+002	1.49950027E+001	1.29206995E+003
4.36769989E+002	1.49950027E+001	1.29547998E+003
4.44589996E+002	1.49950027E+001	1.25401001E+003
4.28679993E+002	1.49950027E+001	1.29206995E+003
4.22500000E+002	1.49950027E+001	1.28973999E+003
4.37880005E+002	1.49950027E+001	1.25126001E+003
4.53309998E+002	1.49950027E+001	1.25012000E+003
4.31279999E+002	1.49950027E+001	1.24104004E+003
4.37880005E+002	1.49950027E+001	1.25126001E+003
4.44589996E+002	1.49950027E+001	1.25401001E+003
4.31279999E+002	1.49950027E+001	1.24104004E+003
4.13320007E+002	1.49950027E+001	1.28616003E+003
4.13320007E+002	1.28528595E+001	1.28616003E+003
4.22500000E+002	1.28528595E+001	1.28973999E+003
4.52619995E+002	1.28528595E+001	1.25206995E+003
4.53309998E+002	1.28528595E+001	1.25012000E+003
4.54630005E+002	1.28528595E+001	1.25291003E+003
4.52619995E+002	1.28528595E+001	1.25206995E+003
4.36769989E+002	1.28528595E+001	1.29547998E+003
4.54630005E+002	1.28528595E+001	1.25291003E+003
4.28679993E+002	1.28528595E+001	1.29206995E+003
4.36769989E+002	1.28528595E+001	1.29547998E+003
4.44589996E+002	1.28528595E+001	1.25401001E+003
4.28679993E+002	1.28528595E+001	1.29206995E+003
4.22500000E+002	1.28528595E+001	1.28973999E+003
4.37880005E+002	1.28528595E+001	1.25126001E+003
4.53309998E+002	1.28528595E+001	1.25012000E+003
4.31279999E+002	1.28528595E+001	1.24104004E+003
4.37880005E+002	1.28528595E+001	1.25126001E+003
4.44589996E+002	1.28528595E+001	1.25401001E+003
4.31279999E+002	1.28528595E+001	1.24104004E+003
4.13320007E+002	1.28528595E+001	1.28616003E+003
4.13320007E+002	1.07107162E+001	1.28616003E+003
4.22500000E+002	1.07107162E+001	1.28973999E+003
4.52619995E+002	1.07107162E+001	1.25206995E+003
4.53309998E+002	1.07107162E+001	1.25012000E+003
4.54630005E+002	1.07107162E+001	1.25291003E+003
4.52619995E+002	1.07107162E+001	1.25206995E+003
4.36769989E+002	1.07107162E+001	1.29547998E+003
4.54630005E+002	1.07107162E+001	1.25291003E+003
4.28679993E+002	1.07107162E+001	1.29206995E+003
4.36769989E+002	1.07107162E+001	1.29547998E+003
4.44589996E+002	1.07107162E+001	1.25401001E+003
4.28679993E+002	1.07107162E+001	1.29206995E+003
4.22500000E+002	1.07107162E+001	1.28973999E+003
4.37880005E+002	1.07107162E+001	1.25126001E+003
4.53309998E+002	1.07107162E+001	1.25012000E+003
4.31279999E+002	1.07107162E+001	1.24104004E+003
4.37880005E+002	1.07107162E+001	1.25126001E+003
4.44589996E+002	1.07107162E+001	1.25401001E+003
4.31279999E+002	1.07107162E+001	1.24104004E+003
4.13320007E+002	1.07107162E+001	1.28616003E+003
4.13320007E+002	8.56857300E+000	1.28616003E+003
4.22500000E+002	8.56857300E+000	1.28973999E+003
4.52619995E+002	8.56857300E+000	1.25206995E+003
4.53309998E+002	8.56857300E+000	1.25012000E+003
4.54630005E+002	8.56857300E+000	1.25291003E+003
4.52619995E+002	8.56857300E+000	1.25206995E+003
4.36769989E+002	8.56857300E+000	1.29547998E+003
4.54630005E+002	8.56857300E+000	1.25291003E+003
4.28679993E+002	8.56857300E+000	1.29206995E+003
4.36769989E+002	8.56857300E+000	1.29547998E+003
4.44589996E+002	8.56857300E+000	1.25401001E+003
4.28679993E+002	8.56857300E+000	1.29206995E+003
4.22500000E+002	8.56857300E+000	1.28973999E+003
4.37880005E+002	8.56857300E+000	1.25126001E+003
4.53309998E+002	8.56857300E+000	1.25012000E+003
4.31279999E+002	8.56857300E+000	1.24104004E+003
4.37880005E+002	8.56857300E+000	1.25126001E+003
4.44589996E+002	8.56857300E+000	1.25401001E+003
4.31279999E+002	8.56857300E+000	1.24104004E+003
4.13320007E+002	8.56857300E+000	1.28616003E+003
4.13320007E+002	6.42642975E+000	1.28616003E+003
4.22500000E+002	6.42642975E+000	1.28973999E+003
4.52619995E+002	6.42642975E+000	1.25206995E+003
4.53309998E+002	6.42642975E+000	1.25012000E+003
4.54630005E+002	6.42642975E+000	1.25291003E+003
4.52619995E+002	6.42642975E+000	1.25206995E+003
4.36769989E+002	6.42642975E+000	1.29547998E+003
4.54630005E+002	6.42642975E+000	1.25291003E+003
4.28679993E+002	6.42642975E+000	1.29206995E+003
4.36769989E+002	6.42642975E+000	1.29547998E+003
4.44589996E+002	6.42642975E+000	1.25401001E+003
4.28679993E+002	6.42642975E+000	1.29206995E+003
4.22500000E+002	6.42642975E+000	1.28973999E+003
4.37880005E+002	6.42642975E+000	1.25126001E+003
4.53309998E+002	6.42642975E+000	1.25012000E+003
4.31279999E+002	6.42642975E+000	1.24104004E+003
4.37880005E+002	6.42642975E+000	1.25126001E+003
4.44589996E+002	6.42642975E+000	1.25401001E+003
4.31279999E+002	6.42642975E+000	1.24104004E+003
4.13320007E+002	6.42642975E+000	1.28616003E+003
4.13320007E+002	4.28428650E+000	1.28616003E+003
4.22500000E+002	4.28428650E+000	1.28973999E+003
4.52619995E+002	4.28428650E+000	1.25206995E+003
4.53309998E+002	4.28428650E+000	1.25012000E+003
4.54630005E+002	4.28428650E+000	1.25291003E+003
4.52619995E+002	4.28428650E+000	1.25206995E+003
4.36769989E+002	4.28428650E+000	1.29547998E+003
4.54630005E+002	4.28428650E+000	1.25291003E+003
4.28679993E+002	4.28428650E+000	1.29206995E+003
4.36769989E+002	4.28428650E+000	1.29547998E+003
4.44589996E+002	4.28428650E+000	1.25401001E+003
4.28679993E+002	4.28428650E+000	1.29206995E+003
4.22500000E+002	4.28428650E+000	1.28973999E+003
4.37880005E+002	4.28428650E+000	1.25126001E+003
4.53309998E+002	4.28428650E+000	1.25012000E+003
4.31279999E+002	4.28428650E+000	1.24104004E+003
4.37880005E+002	4.28428650E+000	1.25126001E+003
4.44589996E+002	4.28428650E+000	1.25401001E+003
4.31279999E+002	4.28428650E+000	1.24104004E+003
4.13320007E+002	4.28428650E+000	1.28616003E+003
4.13320007E+002	2.14214325E+000	1.28616003E+003
4.22500000E+002	2.14214325E+000	1.28973999E+003
4.52619995E+002	2.14214325E+000	1.25206995E+003
4.53309998E+002	2.14214325E+000	1.25012000E+003
4.54630005E+002	2.14214325E+000	1.25291003E+003
4.52619995E+002	2.14214325E+000	1.25206995E+003
4.36769989E+002	2.14214325E+000	1.29547998E+003
4.54630005E+002	2.14214325E+000	1.25291003E+003
4.28679993E+002	2.14214325E+000	1.29206995E+003
4.36769989E+002	2.14214325E+000	1.29547998E+003
4.44589996E+002	2.14214325E+000	1.25401001E+003
4.28679993E+002	2.14214325E+000	1.29206995E+003
4.22500000E+002	2.14214325E+000	1.28973999E+003
4.37880005E+002	2.14214325E+000	1.25126001E+003
4.53309998E+002	2.14214325E+000	1.25012000E+003
4.31279999E+002	2.14214325E+000	1.24104004E+003
4.37880005E+002	2.14214325E+000	1.25126001E+003
4.44589996E+002	2.14214325E+000	1.25401001E+003
4.31279999E+002	2.14214325E+000	1.24104004E+003
4.13320007E+002	2.14214325E+000	1.28616003E+003
4.13320007E+002	0.00000000E+000	1.28616003E+003
4.22500000E+002	0.00000000E+000	1.28973999E+003
4.52619995E+002	0.00000000E+000	1.25206995E+003
4.53309998E+002	0.00000000E+000	1.25012000E+003
4.54630005E+002	0.00000000E+000	1.25291003E+003
4.52619995E+002	0.00000000E+000	1.25206995E+003
4.36769989E+002	0.00000000E+000	1.29547998E+003
4.54630005E+002	0.00000000E+000	1.25291003E+003
4.28679993E+002	0.00000000E+000	1.29206995E+003
4.36769989E+002	0.00000000E+000	1.29547998E+003
4.44589996E+002	0.00000000E+000	1.25401001E+003
4.28679993E+002	0.00000000E+000	1.29206995E+003
4.22500000E+002	0.00000000E+000	1.28973999E+003
4.37880005E+002	0.00000000E+000	1.25126001E+003
4.53309998E+002	0.00000000E+000	1.25012000E+003
4.31279999E+002	0.00000000E+000	1.24104004E+003
4.37880005E+002	0.00000000E+000	1.25126001E+003
4.44589996E+002	0.00000000E+000	1.25401001E+003
4.31279999E+002	0.00000000E+000	1.24104004E+003
4.13320007E+002	0.00000000E+000	1.28616003E+003
4.13320007E+002	2.99900055E+001	1.28616003E+003
4.31279999E+002	2.99900055E+001	1.24104004E+003
4.53309998E+002	2.99900055E+001	1.25012000E+003
4.52619995E+002	2.99900055E+001	1.25206995E+003
4.54630005E+002	2.99900055E+001	1.25291003E+003
4.36769989E+002	2.99900055E+001	1.29547998E+003
4.28679993E+002	2.99900055E+001	1.29206995E+003
4.44589996E+002	2.99900055E+001	1.25401001E+003
4.37880005E+002	2.99900055E+001	1.25126001E+003
4.22500000E+002	2.99900055E+001	1.28973999E+003
4.13320007E+002	2.99900055E+001	1.28616003E+003
4.13320007E+002	0.00000000E+000	1.28616003E+003
4.31279999E+002	0.00000000E+000	1.24104004E+003
4.53309998E+002	0.00000000E+000	1.25012000E+003
4.52619995E+002	0.00000000E+000	1.25206995E+003
4.54630005E+002	0.00000000E+000	1.25291003E+003
4.36769989E+002	0.00000000E+000	1.29547998E+003
4.28679993E+002	0.00000000E+000	1.29206995E+003
4.44589996E+002	0.00000000E+000	1.25401001E+003
4.37880005E+002	0.00000000E+000	1.25126001E+003
4.22500000E+002	0.00000000E+000	1.28973999E+003
4.13320007E+002	0.00000000E+000	1.28616003E+003
