0
74
1
74
75
1
2
76
3
76
77
3
4
78
5
78
79
5
6
80
7
80
81
7
8
82
9
82
83
9
10
84
11
84
85
11
12
86
13
86
87
13
14
88
15
88
89
15
16
90
17
90
91
17
18
92
19
92
93
19
20
94
21
94
95
21
22
96
23
96
97
23
24
98
25
98
99
25
26
100
27
100
101
27
28
102
29
102
103
29
30
104
31
104
105
31
32
106
33
106
107
33
34
108
35
108
109
35
36
110
37
110
111
37
38
112
39
112
113
39
40
114
41
114
115
41
42
116
43
116
117
43
44
118
45
118
119
45
46
120
47
120
121
47
48
122
49
122
123
49
50
124
51
124
125
51
52
126
53
126
127
53
54
128
55
128
129
55
56
130
57
130
131
57
58
132
59
132
133
59
60
134
61
134
135
61
62
136
63
136
137
63
64
138
65
138
139
65
66
140
67
140
141
67
68
142
69
142
143
69
70
144
71
144
145
71
72
146
73
146
147
73
154
156
155
152
154
153
154
157
156
154
152
157
161
163
162
164
149
179
160
158
157
152
160
157
170
173
172
151
150
161
160
159
158
163
161
150
152
161
160
151
161
152
150
149
164
164
163
150
167
166
165
173
176
174
168
167
169
170
169
167
167
165
170
172
171
170
170
165
173
176
175
174
165
179
178
178
176
173
149
181
179
165
178
173
178
177
176
165
164
179
182
181
148
149
148
181
179
181
180
184
183
182
148
184
182
193
194
192
191
192
190
194
195
192
195
190
192
200
201
199
217
187
202
195
196
198
195
198
190
210
211
208
199
188
189
196
197
198
188
199
201
198
199
190
190
199
189
202
187
188
188
201
202
203
204
205
212
214
211
207
205
206
205
207
208
208
203
205
208
209
210
211
203
208
212
213
214
216
217
203
211
214
216
217
219
187
211
216
203
214
215
216
217
202
203
186
219
220
219
186
187
218
219
217
220
221
222
220
222
186
