0
34
1
34
35
1
2
36
3
36
37
3
4
38
5
38
39
5
6
40
7
40
41
7
8
42
9
42
43
9
10
44
11
44
45
11
12
46
13
46
47
13
14
48
15
48
49
15
16
50
17
50
51
17
18
52
19
52
53
19
20
54
21
54
55
21
22
56
23
56
57
23
24
58
25
58
59
25
26
60
27
60
61
27
28
62
29
62
63
29
30
64
31
64
65
31
32
66
33
66
67
33
70
69
68
71
80
72
82
71
83
79
72
80
74
73
72
79
78
72
77
76
75
75
74
77
77
72
78
72
77
74
71
81
80
83
71
70
81
71
82
83
70
84
68
84
70
86
87
88
90
98
89
101
89
100
98
90
97
90
91
92
90
96
97
93
94
95
95
92
93
96
90
95
92
95
90
98
99
89
88
89
101
100
89
99
102
88
101
88
102
86
