0
24
1
24
25
1
2
26
3
26
27
3
4
28
5
28
29
5
6
30
7
30
31
7
8
32
9
32
33
9
10
34
11
34
35
11
12
36
13
36
37
13
14
38
15
38
39
15
16
40
17
40
41
17
18
42
19
42
43
19
20
44
21
44
45
21
22
46
23
46
47
23
50
48
49
52
50
51
48
50
59
50
52
59
52
53
54
56
54
55
54
56
52
52
56
58
56
57
58
59
52
58
62
61
63
64
63
65
72
63
61
72
65
63
67
66
65
68
67
69
65
69
67
71
69
65
71
70
69
71
65
72
