0
24
1
24
25
1
2
26
3
26
27
3
4
28
5
28
29
5
6
30
7
30
31
7
8
32
9
32
33
9
10
34
11
34
35
11
12
36
13
36
37
13
14
38
15
38
39
15
16
40
17
40
41
17
18
42
19
42
43
19
20
44
21
44
45
21
22
46
23
46
47
23
56
54
55
48
49
57
54
56
53
51
49
50
51
52
49
53
56
52
52
57
49
57
52
56
48
57
59
58
59
57
68
67
69
70
62
61
66
69
67
63
62
64
62
65
64
65
69
66
62
70
65
69
65
70
72
70
61
70
72
71
