0
24
1
24
25
1
2
26
3
26
27
3
4
28
5
28
29
5
6
30
7
30
31
7
8
32
9
32
33
9
10
34
11
34
35
11
12
36
13
36
37
13
14
38
15
38
39
15
16
40
17
40
41
17
18
42
19
42
43
19
20
44
21
44
45
21
22
46
23
46
47
23
50
49
48
51
50
53
53
52
51
54
53
48
48
53
50
57
56
55
55
54
57
57
54
59
57
59
58
48
59
54
61
62
63
66
63
64
64
65
66
61
66
67
63
66
61
68
69
70
70
67
68
72
67
70
71
72
70
67
72
61
