0
50
1
50
51
1
2
52
3
52
53
3
4
54
5
54
55
5
6
56
7
56
57
7
8
58
9
58
59
9
10
60
11
60
61
11
12
62
13
62
63
13
14
64
15
64
65
15
16
66
17
66
67
17
18
68
19
68
69
19
20
70
21
70
71
21
22
72
23
72
73
23
24
74
25
74
75
25
26
76
27
76
77
27
28
78
29
78
79
29
30
80
31
80
81
31
32
82
33
82
83
33
34
84
35
84
85
35
36
86
37
86
87
37
38
88
39
88
89
39
40
90
41
90
91
41
42
92
43
92
93
43
44
94
45
94
95
45
46
96
47
96
97
47
48
98
49
98
99
49
102
105
103
106
118
117
102
119
105
114
106
117
105
104
103
114
107
106
113
111
108
113
112
111
111
110
108
114
117
116
110
109
108
114
113
107
107
113
108
121
100
122
116
115
114
119
118
105
106
105
118
120
119
121
101
119
102
121
119
101
100
121
101
124
123
122
100
124
122
129
131
128
143
144
132
131
145
128
143
132
140
129
130
131
132
133
140
134
137
139
137
138
139
134
136
137
142
143
140
134
135
136
133
139
140
134
139
133
148
126
147
140
141
142
131
144
145
144
131
132
147
145
146
128
145
127
127
145
147
127
147
126
148
149
150
148
150
126
