0
50
1
50
51
1
2
52
3
52
53
3
4
54
5
54
55
5
6
56
7
56
57
7
8
58
9
58
59
9
10
60
11
60
61
11
12
62
13
62
63
13
14
64
15
64
65
15
16
66
17
66
67
17
18
68
19
68
69
19
20
70
21
70
71
21
22
72
23
72
73
23
24
74
25
74
75
25
26
76
27
76
77
27
28
78
29
78
79
29
30
80
31
80
81
31
32
82
33
82
83
33
34
84
35
84
85
35
36
86
37
86
87
37
38
88
39
88
89
39
40
90
41
90
91
41
42
92
43
92
93
43
44
94
45
94
95
45
46
96
47
96
97
47
48
98
49
98
99
49
111
101
103
118
119
116
119
120
111
101
102
103
104
105
103
105
111
103
106
107
105
107
108
105
105
108
109
105
109
111
111
109
110
112
119
111
112
113
114
112
114
115
115
119
112
119
115
116
116
117
118
101
111
124
124
111
120
120
121
122
101
124
100
124
122
123
122
124
120
129
127
137
142
145
144
137
146
145
129
128
127
129
131
130
129
137
131
131
133
132
131
134
133
135
134
131
137
135
131
136
135
137
137
145
138
140
139
138
141
140
138
138
145
141
142
141
145
144
143
142
150
137
127
146
137
150
148
147
146
126
150
127
149
148
150
146
150
148
