0
56
1
56
57
1
2
58
3
58
59
3
4
60
5
60
61
5
6
62
7
62
63
7
8
64
9
64
65
9
10
66
11
66
67
11
12
68
13
68
69
13
14
70
15
70
71
15
16
72
17
72
73
17
18
74
19
74
75
19
20
76
21
76
77
21
22
78
23
78
79
23
24
80
25
80
81
25
26
82
27
82
83
27
28
84
29
84
85
29
30
86
31
86
87
31
32
88
33
88
89
33
34
90
35
90
91
35
36
92
37
92
93
37
38
94
39
94
95
39
40
96
41
96
97
41
42
98
43
98
99
43
44
100
45
100
101
45
46
102
47
102
103
47
48
104
49
104
105
49
50
106
51
106
107
51
52
108
53
108
109
53
54
110
55
110
111
55
113
117
115
113
112
138
115
117
116
115
114
113
119
118
121
113
118
117
121
120
119
124
123
121
123
122
121
124
121
118
113
126
125
113
125
118
118
125
124
129
128
127
135
129
126
129
127
126
131
130
129
129
135
132
129
132
131
133
132
134
134
132
135
138
137
136
136
135
138
113
135
126
139
138
112
138
135
113
144
146
142
167
141
142
145
146
144
142
143
144
150
147
148
146
147
142
148
149
150
150
152
153
150
151
152
147
150
153
154
155
142
147
154
142
153
154
147
156
157
158
155
158
164
155
156
158
158
159
160
161
164
158
160
161
158
163
161
162
164
161
163
165
166
167
167
164
165
155
164
142
141
167
168
142
164
167
