0
16
1
16
17
1
2
18
3
18
19
3
4
20
5
20
21
5
6
22
7
22
23
7
8
24
9
24
25
9
10
26
11
26
27
11
12
28
13
28
29
13
14
30
15
30
31
15
16
32
17
32
33
17
18
34
19
34
35
19
20
36
21
36
37
21
22
38
23
38
39
23
24
40
25
40
41
25
26
42
27
42
43
27
28
44
29
44
45
29
30
46
31
46
47
31
32
48
33
48
49
33
34
50
35
50
51
35
36
52
37
52
53
37
38
54
39
54
55
39
40
56
41
56
57
41
42
58
43
58
59
43
44
60
45
60
61
45
46
62
47
62
63
47
70
69
66
69
68
67
69
67
66
71
70
65
70
66
65
64
71
65
75
78
79
76
77
78
75
76
78
74
79
80
74
75
79
74
80
73
