0
30
1
30
31
1
2
32
3
32
33
3
4
34
5
34
35
5
6
36
7
36
37
7
8
38
9
38
39
9
10
40
11
40
41
11
12
42
13
42
43
13
14
44
15
44
45
15
16
46
17
46
47
17
18
48
19
48
49
19
20
50
21
50
51
21
22
52
23
52
53
23
24
54
25
54
55
25
26
56
27
56
57
27
28
58
29
58
59
29
66
63
70
73
70
61
63
66
65
70
68
67
63
62
61
67
66
70
65
64
63
71
73
72
71
70
73
61
70
63
70
69
68
74
73
61
74
61
60
86
79
82
77
86
89
81
82
79
83
84
86
77
78
79
86
82
83
79
80
81
88
89
87
89
86
87
79
86
77
84
85
86
77
89
90
76
77
90
