0
30
1
30
31
1
2
32
3
32
33
3
4
34
5
34
35
5
6
36
7
36
37
7
8
38
9
38
39
9
10
40
11
40
41
11
12
42
13
42
43
13
14
44
15
44
45
15
16
46
17
46
47
17
18
48
19
48
49
19
20
50
21
50
51
21
22
52
23
52
53
23
24
54
25
54
55
25
26
56
27
56
57
27
28
58
29
58
59
29
64
63
61
61
63
62
65
64
60
60
64
61
67
66
65
65
68
67
70
69
68
65
70
68
74
73
71
65
60
70
74
71
70
73
72
71
60
74
70
77
79
80
78
79
77
76
80
81
77
80
76
81
82
83
83
84
81
84
85
86
84
86
81
87
89
90
86
76
81
86
87
90
87
88
89
86
90
76
