0
30
1
30
31
1
2
32
3
32
33
3
4
34
5
34
35
5
6
36
7
36
37
7
8
38
9
38
39
9
10
40
11
40
41
11
12
42
13
42
43
13
14
44
15
44
45
15
16
46
17
46
47
17
18
48
19
48
49
19
20
50
21
50
51
21
22
52
23
52
53
23
24
54
25
54
55
25
26
56
27
56
57
27
28
58
29
58
59
29
63
62
61
65
64
63
60
63
61
72
69
68
60
65
63
74
66
65
68
67
66
72
70
69
73
72
68
74
68
66
72
71
70
68
74
73
65
60
74
77
78
79
79
80
81
77
79
76
84
85
88
79
81
76
81
82
90
82
83
84
85
86
88
84
88
89
82
84
90
86
87
88
89
90
84
90
76
81
