0
40
1
40
41
1
2
42
3
42
43
3
4
44
5
44
45
5
6
46
7
46
47
7
8
48
9
48
49
9
10
50
11
50
51
11
12
52
13
52
53
13
14
54
15
54
55
15
16
56
17
56
57
17
18
58
19
58
59
19
20
60
21
60
61
21
22
62
23
62
63
23
24
64
25
64
65
25
26
66
27
66
67
27
28
68
29
68
69
29
30
70
31
70
71
31
32
72
33
72
73
33
34
74
35
74
75
35
36
76
37
76
77
37
38
78
39
78
79
39
82
81
80
93
92
91
82
85
84
93
91
94
84
83
82
86
89
87
94
89
86
89
91
90
89
88
87
91
89
94
85
94
86
95
82
80
97
96
95
95
94
82
82
94
85
97
95
99
99
95
80
97
99
98
101
102
103
112
113
114
105
106
103
115
112
114
103
104
105
108
110
107
107
110
115
111
112
110
108
109
110
115
110
112
107
115
106
101
103
116
116
117
118
103
115
116
106
115
103
120
116
118
101
116
120
119
120
118
