0
32
1
32
33
1
2
34
3
34
35
3
4
36
5
36
37
5
6
38
7
38
39
7
8
40
9
40
41
9
10
42
11
42
43
11
12
44
13
44
45
13
14
46
15
46
47
15
16
48
17
48
49
17
18
50
19
50
51
19
20
52
21
52
53
21
22
54
23
54
55
23
24
56
25
56
57
25
26
58
27
58
59
27
28
60
29
60
61
29
30
62
31
62
63
31
69
79
78
68
65
69
65
68
66
65
64
69
68
67
66
70
69
71
69
72
71
74
73
72
76
72
78
72
76
75
74
72
75
78
72
69
78
77
76
79
69
64
95
96
86
86
82
85
83
85
82
86
81
82
83
84
85
88
86
87
88
89
86
89
90
91
95
89
93
92
93
89
92
89
91
86
89
95
93
94
95
81
86
96
