0
30
1
30
31
1
2
32
3
32
33
3
4
34
5
34
35
5
6
36
7
36
37
7
8
38
9
38
39
9
10
40
11
40
41
11
12
42
13
42
43
13
14
44
15
44
45
15
16
46
17
46
47
17
18
48
19
48
49
19
20
50
21
50
51
21
22
52
23
52
53
23
24
54
25
54
55
25
26
56
27
56
57
27
28
58
29
58
59
29
30
60
31
60
61
31
32
62
33
62
63
33
34
64
35
64
65
35
36
66
37
66
67
37
38
68
39
68
69
39
40
70
41
70
71
41
42
72
43
72
73
43
44
74
45
74
75
45
46
76
47
76
77
47
48
78
49
78
79
49
50
80
51
80
81
51
52
82
53
82
83
53
54
84
55
84
85
55
56
86
57
86
87
57
58
88
59
88
89
59
91
92
93
93
94
95
102
99
100
97
91
93
93
95
96
93
96
97
98
91
97
100
101
102
99
102
98
103
98
102
98
103
104
104
91
98
104
90
91
109
108
107
111
110
109
116
115
118
109
107
113
112
111
109
113
112
109
113
107
114
118
117
116
114
118
115
118
114
119
120
119
114
114
107
120
107
106
120
