0
48
1
48
49
1
2
50
3
50
51
3
4
52
5
52
53
5
6
54
7
54
55
7
8
56
9
56
57
9
10
58
11
58
59
11
12
60
13
60
61
13
14
62
15
62
63
15
16
64
17
64
65
17
18
66
19
66
67
19
20
68
21
68
69
21
22
70
23
70
71
23
24
72
25
72
73
25
26
74
27
74
75
27
28
76
29
76
77
29
30
78
31
78
79
31
32
80
33
80
81
33
34
82
35
82
83
35
36
84
37
84
85
37
38
86
39
86
87
39
40
88
41
88
89
41
42
90
43
90
91
43
44
92
45
92
93
45
46
94
47
94
95
47
48
96
49
96
97
49
50
98
51
98
99
51
52
100
53
100
101
53
54
102
55
102
103
55
56
104
57
104
105
57
58
106
59
106
107
59
60
108
61
108
109
61
62
110
63
110
111
63
64
112
65
112
113
65
66
114
67
114
115
67
68
116
69
116
117
69
70
118
71
118
119
71
72
120
73
120
121
73
74
122
75
122
123
75
76
124
77
124
125
77
78
126
79
126
127
79
80
128
81
128
129
81
82
130
83
130
131
83
84
132
85
132
133
85
86
134
87
134
135
87
88
136
89
136
137
89
90
138
91
138
139
91
92
140
93
140
141
93
94
142
95
142
143
95
96
144
97
144
145
97
98
146
99
146
147
99
100
148
101
148
149
101
102
150
103
150
151
103
104
152
105
152
153
105
106
154
107
154
155
107
108
156
109
156
157
109
110
158
111
158
159
111
112
160
113
160
161
113
114
162
115
162
163
115
116
164
117
164
165
117
118
166
119
166
167
119
120
168
121
168
169
121
122
170
123
170
171
123
124
172
125
172
173
125
126
174
127
174
175
127
128
176
129
176
177
129
130
178
131
178
179
131
132
180
133
180
181
133
134
182
135
182
183
135
136
184
137
184
185
137
138
186
139
186
187
139
140
188
141
188
189
141
142
190
143
190
191
143
144
192
145
192
193
145
146
194
147
194
195
147
148
196
149
196
197
149
150
198
151
198
199
151
152
200
153
200
201
153
154
202
155
202
203
155
156
204
157
204
205
157
158
206
159
206
207
159
160
208
161
208
209
161
162
210
163
210
211
163
164
212
165
212
213
165
166
214
167
214
215
167
168
216
169
216
217
169
170
218
171
218
219
171
172
220
173
220
221
173
174
222
175
222
223
175
176
224
177
224
225
177
178
226
179
226
227
179
180
228
181
228
229
181
182
230
183
230
231
183
184
232
185
232
233
185
186
234
187
234
235
187
188
236
189
236
237
189
190
238
191
238
239
191
192
240
193
240
241
193
194
242
195
242
243
195
196
244
197
244
245
197
198
246
199
246
247
199
200
248
201
248
249
201
202
250
203
250
251
203
204
252
205
252
253
205
206
254
207
254
255
207
208
256
209
256
257
209
210
258
211
258
259
211
212
260
213
260
261
213
214
262
215
262
263
215
216
264
217
264
265
217
218
266
219
266
267
219
220
268
221
268
269
221
222
270
223
270
271
223
224
272
225
272
273
225
226
274
227
274
275
227
228
276
229
276
277
229
230
278
231
278
279
231
232
280
233
280
281
233
234
282
235
282
283
235
236
284
237
284
285
237
238
286
239
286
287
239
240
288
241
288
289
241
242
290
243
290
291
243
244
292
245
292
293
245
246
294
247
294
295
247
248
296
249
296
297
249
250
298
251
298
299
251
252
300
253
300
301
253
254
302
255
302
303
255
256
304
257
304
305
257
258
306
259
306
307
259
260
308
261
308
309
261
262
310
263
310
311
263
264
312
265
312
313
265
266
314
267
314
315
267
268
316
269
316
317
269
270
318
271
318
319
271
272
320
273
320
321
273
274
322
275
322
323
275
276
324
277
324
325
277
278
326
279
326
327
279
280
328
281
328
329
281
282
330
283
330
331
283
284
332
285
332
333
285
286
334
287
334
335
287
336
337
338
342
339
341
340
341
339
338
356
357
350
352
349
345
346
344
344
346
343
343
354
342
349
352
347
349
347
348
353
346
352
356
339
342
351
352
350
352
346
347
353
343
346
354
343
353
342
354
355
355
356
342
356
338
339
338
359
336
357
359
338
357
358
359
363
362
361
366
364
367
364
366
365
382
381
363
374
377
375
369
371
370
368
371
369
367
379
368
372
377
374
373
372
374
377
371
378
367
364
381
375
377
376
372
371
377
371
368
378
378
368
379
380
379
367
367
381
380
364
363
381
361
384
363
363
384
382
384
383
382
