0
30
1
30
31
1
2
32
3
32
33
3
4
34
5
34
35
5
6
36
7
36
37
7
8
38
9
38
39
9
10
40
11
40
41
11
12
42
13
42
43
13
14
44
15
44
45
15
16
46
17
46
47
17
18
48
19
48
49
19
20
50
21
50
51
21
22
52
23
52
53
23
24
54
25
54
55
25
26
56
27
56
57
27
28
58
29
58
59
29
67
68
69
63
64
61
61
64
60
61
62
63
60
64
66
64
65
66
73
60
66
69
66
67
70
71
69
69
71
66
73
71
72
66
71
73
73
74
60
85
84
83
77
80
79
76
80
77
79
78
77
82
80
76
82
81
80
82
76
89
83
82
85
85
87
86
82
87
85
88
87
89
89
87
82
76
90
89
