0
44
1
44
45
1
2
46
3
46
47
3
4
48
5
48
49
5
6
50
7
50
51
7
8
52
9
52
53
9
10
54
11
54
55
11
12
56
13
56
57
13
14
58
15
58
59
15
16
60
17
60
61
17
18
62
19
62
63
19
20
64
21
64
65
21
22
66
23
66
67
23
24
68
25
68
69
25
26
70
27
70
71
27
28
72
29
72
73
29
30
74
31
74
75
31
32
76
33
76
77
33
34
78
35
78
79
35
36
80
37
80
81
37
38
82
39
82
83
39
40
84
41
84
85
41
42
86
43
86
87
43
98
95
97
95
92
94
88
89
109
92
90
91
104
105
107
92
95
90
93
94
92
98
90
95
96
97
95
90
100
89
90
98
99
100
90
99
100
101
89
102
89
101
103
89
102
109
89
103
105
106
107
109
103
104
107
109
104
108
109
107
120
118
121
117
115
118
132
112
111
114
113
115
130
128
127
113
118
115
115
117
116
118
113
121
118
120
119
112
123
113
122
121
113
122
113
123
112
124
123
124
112
125
125
112
126
126
112
132
130
129
128
127
126
132
127
132
130
130
132
131
