0
40
1
40
41
1
2
42
3
42
43
3
4
44
5
44
45
5
6
46
7
46
47
7
8
48
9
48
49
9
10
50
11
50
51
11
12
52
13
52
53
13
14
54
15
54
55
15
16
56
17
56
57
17
18
58
19
58
59
19
20
60
21
60
61
21
22
62
23
62
63
23
24
64
25
64
65
25
26
66
27
66
67
27
28
68
29
68
69
29
30
70
31
70
71
31
32
72
33
72
73
33
34
74
35
74
75
35
36
76
37
76
77
37
38
78
39
78
79
39
83
82
81
93
91
89
83
96
95
86
85
84
91
93
92
88
86
89
87
86
88
96
80
97
93
89
95
91
90
89
95
84
83
80
99
97
94
93
95
95
86
84
86
95
89
96
81
80
96
83
81
99
98
97
102
103
104
110
112
114
116
117
104
105
106
107
113
114
112
110
107
109
109
107
108
118
101
117
116
110
114
110
111
112
104
105
116
118
120
101
116
114
115
105
107
116
110
116
107
101
102
117
102
104
117
118
119
120
