0
16
1
16
17
1
2
18
3
18
19
3
4
20
5
20
21
5
6
22
7
22
23
7
8
24
9
24
25
9
10
26
11
26
27
11
12
28
13
28
29
13
14
30
15
30
31
15
16
32
17
32
33
17
18
34
19
34
35
19
20
36
21
36
37
21
22
38
23
38
39
23
24
40
25
40
41
25
26
42
27
42
43
27
28
44
29
44
45
29
30
46
31
46
47
31
50
55
51
48
55
49
52
54
53
49
55
50
55
52
51
52
55
54
60
64
59
58
64
57
62
63
61
59
64
58
60
61
64
63
64
61
