0
46
1
46
47
1
2
48
3
48
49
3
4
50
5
50
51
5
6
52
7
52
53
7
8
54
9
54
55
9
10
56
11
56
57
11
12
58
13
58
59
13
14
60
15
60
61
15
16
62
17
62
63
17
18
64
19
64
65
19
20
66
21
66
67
21
22
68
23
68
69
23
24
70
25
70
71
25
26
72
27
72
73
27
28
74
29
74
75
29
30
76
31
76
77
31
32
78
33
78
79
33
34
80
35
80
81
35
36
82
37
82
83
37
38
84
39
84
85
39
40
86
41
86
87
41
42
88
43
88
89
43
44
90
45
90
91
45
94
100
98
98
97
96
99
98
100
114
113
92
98
96
94
96
95
94
103
94
93
102
100
103
94
103
100
102
101
100
106
105
104
104
103
106
106
103
93
109
108
107
92
106
93
111
110
109
109
106
92
106
109
107
111
92
113
113
112
111
92
111
109
122
124
118
120
121
122
124
122
123
116
137
138
118
120
122
118
119
120
117
118
127
127
124
126
124
127
118
124
125
126
128
129
130
130
127
128
117
127
130
131
132
133
117
130
116
133
134
135
116
130
133
131
133
130
137
116
135
135
136
137
133
135
116
