0
28
1
28
29
1
2
30
3
30
31
3
4
32
5
32
33
5
6
34
7
34
35
7
8
36
9
36
37
9
10
38
11
38
39
11
12
40
13
40
41
13
14
42
15
42
43
15
16
44
17
44
45
17
18
46
19
46
47
19
20
48
21
48
49
21
22
50
23
50
51
23
24
52
25
52
53
25
26
54
27
54
55
27
63
61
59
66
65
64
63
62
61
61
60
59
64
59
58
59
64
63
67
66
58
58
66
64
69
67
57
57
67
58
56
69
57
69
68
67
74
76
78
79
80
81
76
77
78
74
75
76
73
74
79
78
79
74
73
81
82
79
81
73
72
82
84
73
82
72
72
84
71
82
83
84
