0
48
1
48
49
1
2
50
3
50
51
3
4
52
5
52
53
5
6
54
7
54
55
7
8
56
9
56
57
9
10
58
11
58
59
11
12
60
13
60
61
13
14
62
15
62
63
15
16
64
17
64
65
17
18
66
19
66
67
19
20
68
21
68
69
21
22
70
23
70
71
23
24
72
25
72
73
25
26
74
27
74
75
27
28
76
29
76
77
29
30
78
31
78
79
31
32
80
33
80
81
33
34
82
35
82
83
35
36
84
37
84
85
37
38
86
39
86
87
39
40
88
41
88
89
41
42
90
43
90
91
43
44
92
45
92
93
45
46
94
47
94
95
47
98
97
96
119
100
99
115
112
103
102
100
103
102
101
100
108
103
110
108
105
104
107
106
105
103
108
104
108
110
109
108
107
105
112
111
110
112
110
103
114
113
112
115
114
112
115
100
117
100
115
103
119
117
100
117
116
115
98
96
119
119
118
117
98
119
99
121
122
123
124
125
144
128
137
140
128
125
127
125
126
127
135
128
133
129
130
133
130
131
132
129
133
128
134
135
133
130
132
133
135
136
137
128
135
137
137
138
139
137
139
140
142
125
140
128
140
125
125
142
144
140
141
142
144
121
123
142
143
144
124
144
123
