0
36
1
36
37
1
2
38
3
38
39
3
4
40
5
40
41
5
6
42
7
42
43
7
8
44
9
44
45
9
10
46
11
46
47
11
12
48
13
48
49
13
14
50
15
50
51
15
16
52
17
52
53
17
18
54
19
54
55
19
20
56
21
56
57
21
22
58
23
58
59
23
24
60
25
60
61
25
26
62
27
62
63
27
28
64
29
64
65
29
30
66
31
66
67
31
32
68
33
68
69
33
34
70
35
70
71
35
72
73
89
74
81
73
74
75
81
81
75
76
80
76
77
79
77
78
80
77
79
76
80
81
89
73
81
81
82
89
83
89
82
84
86
83
86
84
85
86
89
83
88
86
87
88
89
86
108
92
91
92
100
93
100
94
93
95
94
100
96
95
99
97
96
98
98
96
99
100
99
95
100
92
108
108
101
100
101
108
102
102
105
103
104
103
105
102
108
105
106
105
107
105
108
107
