0
28
1
28
29
1
2
30
3
30
31
3
4
32
5
32
33
5
6
34
7
34
35
7
8
36
9
36
37
9
10
38
11
38
39
11
12
40
13
40
41
13
14
42
15
42
43
15
16
44
17
44
45
17
18
46
19
46
47
19
20
48
21
48
49
21
22
50
23
50
51
23
24
52
25
52
53
25
26
54
27
54
55
27
56
60
57
58
57
60
60
59
58
61
60
62
66
62
69
56
62
60
66
63
62
65
64
63
63
66
65
66
68
67
66
69
68
62
56
69
72
75
71
75
72
73
73
74
75
77
75
76
84
77
81
75
77
71
77
78
81
78
79
80
80
81
78
82
83
81
83
84
81
84
71
77
