0
24
1
24
25
1
2
26
3
26
27
3
4
28
5
28
29
5
6
30
7
30
31
7
8
32
9
32
33
9
10
34
11
34
35
11
12
36
13
36
37
13
14
38
15
38
39
15
16
40
17
40
41
17
18
42
19
42
43
19
20
44
21
44
45
21
22
46
23
46
47
23
52
53
54
56
52
55
56
57
51
50
57
49
57
50
51
56
51
52
52
54
55
59
57
58
57
59
49
59
48
49
67
66
65
68
65
69
64
70
69
62
70
63
64
63
70
65
64
69
68
67
65
71
70
72
62
72
70
62
61
72
