0
28
1
28
29
1
2
30
3
30
31
3
4
32
5
32
33
5
6
34
7
34
35
7
8
36
9
36
37
9
10
38
11
38
39
11
12
40
13
40
41
13
14
42
15
42
43
15
16
44
17
44
45
17
18
46
19
46
47
19
20
48
21
48
49
21
22
50
23
50
51
23
24
52
25
52
53
25
26
54
27
54
55
27
56
57
58
58
59
56
59
60
56
60
61
69
66
67
62
65
66
64
63
64
66
66
62
63
61
62
67
56
60
69
61
67
69
69
67
68
73
72
71
71
74
73
71
75
74
84
76
75
77
82
81
79
81
80
81
79
78
78
77
81
82
77
76
84
75
71
84
82
76
83
82
84
