0
38
1
38
39
1
2
40
3
40
41
3
4
42
5
42
43
5
6
44
7
44
45
7
8
46
9
46
47
9
10
48
11
48
49
11
12
50
13
50
51
13
14
52
15
52
53
15
16
54
17
54
55
17
18
56
19
56
57
19
20
58
21
58
59
21
22
60
23
60
61
23
24
62
25
62
63
25
26
64
27
64
65
27
28
66
29
66
67
29
30
68
31
68
69
31
32
70
33
70
71
33
34
72
35
72
73
35
36
74
37
74
75
37
77
94
76
80
81
79
79
81
78
89
77
78
78
81
83
83
81
82
85
78
83
83
84
85
85
88
78
85
86
87
85
87
88
89
78
88
77
89
94
91
93
94
91
92
93
94
90
91
90
94
89
96
114
97
99
101
100
98
101
99
98
97
109
103
101
98
102
101
103
103
98
105
105
104
103
98
108
105
107
106
105
108
107
105
108
98
109
114
109
97
114
113
111
113
112
111
111
110
114
109
114
110
