0
26
1
26
27
1
2
28
3
28
29
3
4
30
5
30
31
5
6
32
7
32
33
7
8
34
9
34
35
9
10
36
11
36
37
11
12
38
13
38
39
13
14
40
15
40
41
15
16
42
17
42
43
17
18
44
19
44
45
19
20
46
21
46
47
21
22
48
23
48
49
23
24
50
25
50
51
25
64
52
53
55
63
54
56
62
55
58
56
57
58
59
56
59
60
56
60
62
56
60
61
62
53
54
64
64
54
63
62
63
55
67
66
78
68
77
69
69
76
70
71
70
72
70
73
72
70
74
73
70
76
74
76
75
74
78
68
67
77
68
78
69
77
76
