0
28
1
28
29
1
2
30
3
30
31
3
4
32
5
32
33
5
6
34
7
34
35
7
8
36
9
36
37
9
10
38
11
38
39
11
12
40
13
40
41
13
14
42
15
42
43
15
16
44
17
44
45
17
18
46
19
46
47
19
20
48
21
48
49
21
22
50
23
50
51
23
24
52
25
52
53
25
26
54
27
54
55
27
66
67
57
56
57
69
60
58
59
65
61
64
61
65
60
58
60
65
64
61
63
61
62
63
57
58
66
58
65
66
57
67
68
69
57
68
72
82
81
84
72
71
74
73
75
79
76
80
75
80
76
80
75
73
78
76
79
78
77
76
81
73
72
81
80
73
83
82
72
83
72
84
