4
3
1
4
55
52
47
46
43
1
3
2
43
45
44
5
7
6
35
20
19
4
7
5
8
16
9
36
18
17
9
16
10
7
16
8
10
12
11
10
16
15
12
10
13
10
14
13
10
15
14
32
31
26
34
20
35
24
32
25
31
28
27
24
23
21
22
21
23
26
25
32
24
33
32
30
29
31
29
28
31
33
24
34
31
27
26
34
21
20
24
21
34
36
35
19
17
16
36
36
19
18
36
7
37
7
36
16
37
43
42
37
7
4
39
38
41
42
41
38
39
41
40
47
43
37
42
38
37
45
43
46
47
37
4
48
50
49
51
50
47
50
48
47
52
54
53
69
56
55
47
4
52
52
51
47
54
52
55
58
57
59
68
63
62
1
0
69
69
68
56
61
60
59
57
62
61
59
57
61
63
68
64
62
57
68
68
66
65
64
68
65
66
68
67
68
57
56
1
69
4
55
4
69
