19
18
44
14
13
10
5
4
3
9
14
10
12
10
13
9
15
14
11
10
12
5
7
6
44
43
19
41
40
22
7
5
8
9
16
15
17
16
8
9
8
16
5
3
17
5
17
8
17
2
1
3
2
17
17
1
18
0
18
1
42
41
20
40
39
22
19
42
20
27
25
28
26
25
27
25
24
28
23
22
37
31
30
29
28
31
29
33
32
31
31
28
24
36
35
23
21
41
22
34
33
24
31
24
33
23
35
24
24
35
34
23
37
36
39
38
22
22
38
37
42
19
43
21
20
41
18
45
44
0
46
18
18
46
45
