43
2
44
11
15
14
36
4
37
4
35
34
36
35
4
4
38
37
4
34
33
33
8
7
6
33
7
30
29
28
8
33
32
17
19
18
17
24
23
10
32
11
12
14
13
15
11
16
12
11
14
21
19
22
21
20
19
17
23
22
22
19
17
16
25
24
16
24
17
25
16
26
28
27
16
16
27
26
30
28
16
31
30
11
16
11
30
11
32
31
8
32
9
32
10
9
4
33
5
6
5
33
39
38
3
4
3
38
41
40
3
3
40
39
41
2
42
2
41
3
2
45
44
43
42
2
47
46
2
2
46
45
2
48
47
1
49
48
48
2
1
1
0
49
