62
63
64
2
11
1
11
2
3
3
4
11
4
5
10
5
6
10
7
9
6
7
8
9
10
6
9
11
4
10
12
81
11
35
12
13
14
19
13
14
15
17
16
17
15
17
18
14
14
18
19
19
20
13
13
20
21
21
34
13
23
21
22
21
23
24
24
34
21
25
34
24
34
25
26
26
27
34
28
33
27
29
33
28
32
29
30
31
32
30
33
29
32
27
33
34
13
34
35
81
12
35
35
36
59
36
37
44
41
37
38
39
40
38
40
41
38
37
41
42
42
43
37
37
43
44
36
44
45
45
47
36
47
45
46
47
48
36
36
48
58
48
49
58
49
50
58
50
51
57
52
57
51
57
52
53
56
53
54
55
56
54
56
57
53
58
50
57
36
58
59
81
35
59
76
77
78
67
60
61
62
65
61
65
62
64
61
65
66
66
67
61
67
68
60
69
60
68
60
69
80
69
70
80
70
71
80
71
72
80
79
72
73
73
74
79
79
74
75
76
78
75
81
59
60
78
79
75
72
79
80
82
1
11
11
81
82
81
60
80
0
1
82
90
0
82
84
85
86
88
82
83
87
83
84
87
84
86
88
83
87
82
88
89
90
82
89
