0
2
1
41
15
43
5
3
2
4
3
5
5
7
6
15
10
50
7
9
8
9
7
5
41
37
33
37
41
39
12
10
14
11
10
12
15
14
10
13
12
14
16
19
17
29
27
41
17
19
18
15
19
16
21
19
15
19
21
20
21
23
22
27
23
21
23
27
24
24
27
26
41
40
39
25
24
26
27
29
28
31
33
32
33
31
29
29
31
30
35
33
37
35
37
36
35
34
33
39
38
37
29
41
33
21
15
41
41
27
21
46
44
43
46
15
50
15
46
43
48
46
50
42
41
43
44
46
45
49
48
50
46
48
47
50
10
51
5
51
9
9
51
10
51
59
55
51
55
54
52
54
53
52
51
54
51
5
59
59
58
55
57
55
58
56
55
57
2
0
59
5
2
59
59
61
60
59
67
62
61
59
62
64
66
65
62
64
63
62
67
66
66
64
62
73
71
68
67
59
0
68
71
70
68
70
69
73
72
71
67
73
68
75
74
73
73
67
0
77
76
75
73
0
75
0
78
75
77
75
78
0
80
78
78
80
79
0
81
80
