10
41
42
1
50
0
2
50
1
2
3
49
5
46
47
44
45
7
42
43
9
8
44
7
39
13
38
21
31
20
27
23
26
24
26
23
9
10
42
24
25
26
22
23
27
22
29
21
28
29
22
28
22
27
19
20
32
17
18
34
29
30
21
32
20
31
31
21
30
33
18
19
17
35
16
34
18
33
32
33
19
16
36
15
35
36
16
35
17
34
37
14
15
38
13
14
12
13
39
36
37
15
37
38
14
12
40
11
41
10
11
12
39
40
41
11
40
8
9
43
7
45
6
44
8
43
6
46
5
47
4
5
6
45
46
4
48
3
48
4
47
48
49
3
50
2
49
