2
0
1
2
39
0
3
4
2
4
7
2
7
4
5
5
6
7
7
39
2
7
8
10
9
10
8
10
11
7
39
7
11
15
11
12
13
14
12
15
12
14
11
15
17
15
16
17
11
17
19
18
19
17
11
19
24
21
19
20
21
22
19
19
22
24
24
22
23
24
29
11
25
26
24
26
27
24
29
24
27
27
28
29
29
35
11
30
31
29
29
31
32
29
32
35
34
32
33
35
32
34
11
35
39
35
36
37
37
39
35
37
38
39
39
42
0
39
40
41
42
39
41
42
46
0
44
42
43
42
44
45
46
42
45
49
0
46
47
49
46
49
47
48
51
0
49
49
50
51
