2
5
4
2
4
3
93
92
95
10
9
5
2
1
5
9
8
7
7
6
5
15
12
10
7
5
9
11
10
12
12
14
13
16
15
10
12
15
14
88
85
89
20
16
10
20
18
16
80
77
76
17
16
18
25
22
20
19
18
20
25
24
22
21
20
22
33
80
42
23
22
24
26
28
27
29
28
25
64
62
65
25
28
26
29
31
30
62
61
60
33
31
29
33
32
31
33
42
34
34
42
38
36
34
37
35
34
36
55
53
56
38
37
34
40
42
41
42
40
39
47
45
42
39
38
42
44
42
45
43
42
44
45
47
46
47
42
51
47
49
48
56
53
51
51
49
47
51
50
49
56
51
42
51
53
52
59
62
60
55
54
53
58
57
59
59
56
62
42
62
56
57
56
59
66
62
80
68
66
72
62
66
65
64
63
62
66
80
72
71
70
72
72
70
68
72
76
74
67
66
68
72
80
76
69
68
70
42
80
62
75
74
76
77
80
78
73
72
74
89
80
90
33
29
80
79
78
80
89
85
80
85
83
80
85
88
86
82
81
80
84
83
85
86
88
87
82
80
83
95
92
90
95
90
80
95
29
25
95
80
29
25
20
95
103
101
98
92
91
90
98
95
103
93
95
94
97
95
98
20
103
95
10
103
20
96
95
97
100
99
101
101
99
98
110
108
107
5
103
10
106
105
104
102
101
103
104
103
106
107
103
110
107
106
103
108
110
109
103
115
110
110
115
111
103
5
115
114
113
115
113
112
115
1
115
5
112
111
115
117
116
115
117
115
118
0
118
1
1
118
115
