3
2
1
39
29
18
6
5
7
8
7
4
8
4
9
5
4
7
47
9
3
4
3
9
17
14
12
18
17
12
10
18
12
11
10
12
17
16
15
13
12
14
10
9
18
15
14
17
20
18
22
25
29
26
18
25
22
19
18
20
25
24
22
21
20
22
26
29
28
23
22
24
34
39
36
18
29
25
27
26
28
29
34
31
31
34
32
29
39
34
29
31
30
36
35
34
33
32
34
38
37
39
39
37
36
39
44
41
18
47
39
44
43
41
41
40
39
46
44
39
43
42
41
45
44
46
46
39
47
1
47
3
9
47
18
48
51
50
47
51
48
53
51
55
49
48
50
51
47
55
53
52
51
47
74
55
57
55
61
53
55
54
58
57
61
55
57
56
60
59
58
60
58
61
69
63
74
74
63
61
66
63
67
61
63
62
63
66
65
63
65
64
61
55
74
63
69
67
72
71
74
67
69
68
69
74
71
69
71
70
74
73
72
47
1
74
74
1
0
