10
8
7
2
86
85
5
6
4
88
25
23
8
10
9
22
7
23
10
12
11
10
21
19
15
18
16
18
12
19
15
13
18
13
15
14
6
88
4
21
7
22
18
13
12
19
21
20
16
18
17
7
21
10
10
19
12
4
88
87
83
25
88
23
25
24
28
52
51
65
64
25
26
28
27
31
43
41
47
51
50
32
31
41
43
42
41
38
35
39
39
35
34
36
35
38
36
38
37
86
87
3
34
33
39
41
40
32
33
40
39
33
32
40
44
43
30
30
43
31
47
46
51
44
30
29
29
28
44
46
45
44
73
72
65
53
52
54
26
25
64
47
50
48
48
50
49
55
54
52
51
46
44
70
69
68
28
51
44
52
57
55
55
57
56
65
72
66
59
58
60
57
61
58
57
52
28
58
61
60
64
62
26
64
63
62
28
62
61
57
28
61
28
26
62
66
72
71
25
74
73
73
65
25
78
77
76
67
71
68
68
71
70
66
71
67
75
74
78
74
83
79
25
83
74
75
78
76
83
88
84
79
78
74
80
79
83
80
82
81
80
83
82
0
85
1
88
23
7
