0
46
1
46
47
1
2
48
3
48
49
3
4
50
5
50
51
5
6
52
7
52
53
7
8
54
9
54
55
9
10
56
11
56
57
11
12
58
13
58
59
13
14
60
15
60
61
15
16
62
17
62
63
17
18
64
19
64
65
19
20
66
21
66
67
21
22
68
23
68
69
23
24
70
25
70
71
25
26
72
27
72
73
27
28
74
29
74
75
29
30
76
31
76
77
31
32
78
33
78
79
33
34
80
35
80
81
35
36
82
37
82
83
37
38
84
39
84
85
39
40
86
41
86
87
41
42
88
43
88
89
43
44
90
45
90
91
45
93
95
92
114
92
95
110
111
112
94
95
93
104
100
101
96
99
109
97
98
96
99
96
98
101
103
104
104
99
100
103
101
102
99
104
109
104
105
106
106
108
104
108
106
107
108
109
104
114
96
109
110
112
109
112
114
109
113
114
112
96
114
95
116
119
117
119
116
138
136
135
134
117
119
118
125
124
128
133
123
120
120
122
121
122
120
123
128
127
125
124
123
128
126
125
127
133
128
123
130
129
128
128
132
130
131
130
132
128
133
132
133
120
138
133
136
134
133
138
136
136
138
137
119
138
120
