0
34
1
34
35
1
2
36
3
36
37
3
4
38
5
38
39
5
6
40
7
40
41
7
8
42
9
42
43
9
10
44
11
44
45
11
12
46
13
46
47
13
14
48
15
48
49
15
16
50
17
50
51
17
18
52
19
52
53
19
20
54
21
54
55
21
22
56
23
56
57
23
24
58
25
58
59
25
26
60
27
60
61
27
28
62
29
62
63
29
30
64
31
64
65
31
32
66
33
66
67
33
83
70
69
81
80
72
70
82
71
76
75
74
76
74
77
73
77
74
73
79
78
77
73
78
73
80
79
82
70
83
72
80
73
82
81
71
72
71
81
69
84
83
84
69
68
87
88
101
90
98
99
89
100
88
92
93
94
95
92
94
92
95
91
96
97
91
96
91
95
97
98
91
101
88
100
91
98
90
89
99
100
99
89
90
101
102
87
86
87
102
