0
26
1
26
27
1
2
28
3
28
29
3
4
30
5
30
31
5
6
32
7
32
33
7
8
34
9
34
35
9
10
36
11
36
37
11
12
38
13
38
39
13
14
40
15
40
41
15
16
42
17
42
43
17
18
44
19
44
45
19
20
46
21
46
47
21
22
48
23
48
49
23
24
50
25
50
51
25
63
64
62
64
54
56
53
54
52
54
55
56
60
61
57
60
57
59
59
57
58
57
61
56
61
62
64
61
64
56
54
64
52
76
78
77
70
68
78
66
68
67
70
69
68
71
75
74
73
71
74
72
71
73
70
75
71
78
76
75
70
78
75
66
78
68
