0
58
1
58
59
1
2
60
3
60
61
3
4
62
5
62
63
5
6
64
7
64
65
7
8
66
9
66
67
9
10
68
11
68
69
11
12
70
13
70
71
13
14
72
15
72
73
15
16
74
17
74
75
17
18
76
19
76
77
19
20
78
21
78
79
21
22
80
23
80
81
23
24
82
25
82
83
25
26
84
27
84
85
27
28
86
29
86
87
29
30
88
31
88
89
31
32
90
33
90
91
33
34
92
35
92
93
35
36
94
37
94
95
37
38
96
39
96
97
39
40
98
41
98
99
41
42
100
43
100
101
43
44
102
45
102
103
45
46
104
47
104
105
47
48
106
49
106
107
49
50
108
51
108
109
51
52
110
53
110
111
53
54
112
55
112
113
55
56
114
57
114
115
57
128
131
133
126
118
119
120
122
119
121
122
120
119
122
123
124
119
123
119
124
125
126
119
125
126
127
118
127
133
134
130
128
129
131
128
130
128
133
127
131
132
133
118
127
135
134
135
127
135
136
118
118
141
117
139
137
138
136
137
118
140
118
137
137
139
140
118
140
141
142
117
141
142
143
117
144
117
143
144
116
117
163
161
158
149
148
156
149
152
150
150
152
151
153
152
149
153
149
154
155
154
149
155
149
156
148
157
156
164
163
157
159
158
160
160
158
161
157
163
158
163
162
161
165
157
148
157
165
164
148
166
165
147
171
148
168
167
169
148
167
166
167
148
170
170
169
167
171
170
148
171
147
172
147
173
172
173
147
174
147
146
174
