0
74
1
74
75
1
2
76
3
76
77
3
4
78
5
78
79
5
6
80
7
80
81
7
8
82
9
82
83
9
10
84
11
84
85
11
12
86
13
86
87
13
14
88
15
88
89
15
16
90
17
90
91
17
18
92
19
92
93
19
20
94
21
94
95
21
22
96
23
96
97
23
24
98
25
98
99
25
26
100
27
100
101
27
28
102
29
102
103
29
30
104
31
104
105
31
32
106
33
106
107
33
34
108
35
108
109
35
36
110
37
110
111
37
38
112
39
112
113
39
40
114
41
114
115
41
42
116
43
116
117
43
44
118
45
118
119
45
46
120
47
120
121
47
48
122
49
122
123
49
50
124
51
124
125
51
52
126
53
126
127
53
54
128
55
128
129
55
56
130
57
130
131
57
58
132
59
132
133
59
60
134
61
134
135
61
62
136
63
136
137
63
64
138
65
138
139
65
66
140
67
140
141
67
68
142
69
142
143
69
70
144
71
144
145
71
72
146
73
146
147
73
150
149
148
172
183
174
153
152
154
154
152
155
155
151
150
155
152
151
160
159
158
155
158
157
155
157
156
160
155
162
158
155
160
164
162
155
161
160
162
168
165
164
163
162
164
165
167
166
168
167
165
164
155
168
170
168
150
155
150
168
150
183
170
170
169
168
172
174
173
172
171
170
176
175
174
170
183
172
178
177
176
176
174
183
178
176
179
180
179
183
176
183
179
183
182
180
182
181
180
183
148
184
183
150
148
186
187
188
212
221
210
192
190
191
193
190
192
188
189
193
189
190
193
196
197
198
195
196
193
194
195
193
200
193
198
198
193
196
193
200
202
200
198
199
202
203
206
202
200
201
204
205
203
203
205
206
206
193
202
188
206
208
206
188
193
208
221
188
206
207
208
211
212
210
208
209
210
212
213
214
210
221
208
214
215
216
221
212
214
217
214
216
221
217
218
217
221
214
218
220
221
218
219
220
222
186
221
186
188
221
