0
46
1
46
47
1
2
48
3
48
49
3
4
50
5
50
51
5
6
52
7
52
53
7
8
54
9
54
55
9
10
56
11
56
57
11
12
58
13
58
59
13
14
60
15
60
61
15
16
62
17
62
63
17
18
64
19
64
65
19
20
66
21
66
67
21
22
68
23
68
69
23
24
70
25
70
71
25
26
72
27
72
73
27
28
74
29
74
75
29
30
76
31
76
77
31
32
78
33
78
79
33
34
80
35
80
81
35
36
82
37
82
83
37
38
84
39
84
85
39
40
86
41
86
87
41
42
88
43
88
89
43
44
90
45
90
91
45
114
112
94
103
102
109
94
98
96
96
95
94
114
94
93
101
100
112
98
97
96
99
98
94
108
107
109
109
104
103
105
104
107
107
106
105
113
112
114
111
109
101
109
107
104
111
110
109
109
102
101
92
114
93
94
112
99
112
111
101
112
100
99
118
136
138
133
126
127
120
122
118
118
119
120
117
118
138
136
124
125
120
121
122
118
122
123
133
131
132
127
128
133
131
128
129
129
130
131
138
136
137
125
133
135
128
131
133
133
134
135
125
126
133
117
138
116
123
136
118
125
135
136
123
124
136
