0
28
1
28
29
1
2
30
3
30
31
3
4
32
5
32
33
5
6
34
7
34
35
7
8
36
9
36
37
9
10
38
11
38
39
11
12
40
13
40
41
13
14
42
15
42
43
15
16
44
17
44
45
17
18
46
19
46
47
19
20
48
21
48
49
21
22
50
23
50
51
23
24
52
25
52
53
25
26
54
27
54
55
27
63
68
60
60
56
59
58
56
57
58
59
56
56
60
68
60
61
63
56
68
69
63
61
62
64
65
63
63
65
66
68
66
67
63
66
68
75
83
78
74
71
75
72
71
73
71
74
73
83
75
71
78
76
75
84
83
71
77
76
78
78
80
79
81
80
78
82
81
83
83
81
78
