0
32
1
32
33
1
2
34
3
34
35
3
4
36
5
36
37
5
6
38
7
38
39
7
8
40
9
40
41
9
10
42
11
42
43
11
12
44
13
44
45
13
14
46
15
46
47
15
16
48
17
48
49
17
18
50
19
50
51
19
20
52
21
52
53
21
22
54
23
54
55
23
24
56
25
56
57
25
26
58
27
58
59
27
28
60
29
60
61
29
30
62
31
62
63
31
77
76
66
72
75
73
70
76
71
68
67
66
69
76
70
66
69
68
73
75
74
78
64
79
76
75
71
71
75
72
76
69
66
77
65
64
65
77
66
77
64
78
83
93
94
90
92
89
88
93
87
83
84
85
87
93
86
85
86
83
91
92
90
96
81
95
88
92
93
89
92
88
83
86
93
81
82
94
83
94
82
95
81
94
