0
34
1
34
35
1
2
36
3
36
37
3
4
38
5
38
39
5
6
40
7
40
41
7
8
42
9
42
43
9
10
44
11
44
45
11
12
46
13
46
47
13
14
48
15
48
49
15
16
50
17
50
51
17
18
52
19
52
53
19
20
54
21
54
55
21
22
56
23
56
57
23
24
58
25
58
59
25
26
60
27
60
61
27
28
62
29
62
63
29
30
64
31
64
65
31
32
66
33
66
67
33
70
81
69
80
81
71
72
73
79
75
78
74
77
78
76
76
78
75
79
73
74
78
79
74
71
81
70
80
72
79
80
71
72
69
81
68
82
68
81
82
84
68
83
84
82
87
99
88
89
99
98
97
91
90
92
96
93
94
96
95
93
96
94
92
91
97
92
97
96
88
99
89
97
90
98
90
89
98
86
99
87
99
86
100
86
102
100
100
102
101
