0
24
1
24
25
1
2
26
3
26
27
3
4
28
5
28
29
5
6
30
7
30
31
7
8
32
9
32
33
9
10
34
11
34
35
11
12
36
13
36
37
13
14
38
15
38
39
15
16
40
17
40
41
17
18
42
19
42
43
19
20
44
21
44
45
21
22
46
23
46
47
23
51
50
49
57
48
58
51
48
52
53
57
56
59
58
48
55
54
56
53
52
48
56
54
53
57
53
48
51
49
48
62
63
64
71
61
70
65
61
64
69
70
66
61
71
72
69
67
68
61
65
66
66
67
69
61
66
70
61
62
64
