0
36
1
36
37
1
2
38
3
38
39
3
4
40
5
40
41
5
6
42
7
42
43
7
8
44
9
44
45
9
10
46
11
46
47
11
12
48
13
48
49
13
14
50
15
50
51
15
16
52
17
52
53
17
18
54
19
54
55
19
20
56
21
56
57
21
22
58
23
58
59
23
24
60
25
60
61
25
26
62
27
62
63
27
28
64
29
64
65
29
30
66
31
66
67
31
32
68
33
68
69
33
34
70
35
70
71
35
73
89
72
74
89
73
75
76
74
84
81
82
76
77
87
87
77
78
80
78
79
82
83
84
81
86
80
85
86
84
81
84
86
87
78
80
87
80
86
74
76
89
89
87
88
87
89
76
91
108
92
92
108
93
93
95
94
101
100
103
106
96
95
97
96
106
98
97
99
103
102
101
99
105
100
103
105
104
105
103
100
99
97
106
105
99
106
108
95
93
107
106
108
95
108
106
