0
36
1
36
37
1
2
38
3
38
39
3
4
40
5
40
41
5
6
42
7
42
43
7
8
44
9
44
45
9
10
46
11
46
47
11
12
48
13
48
49
13
14
50
15
50
51
15
16
52
17
52
53
17
18
54
19
54
55
19
20
56
21
56
57
21
22
58
23
58
59
23
24
60
25
60
61
25
26
62
27
62
63
27
28
64
29
64
65
29
30
66
31
66
67
31
32
68
33
68
69
33
34
70
35
70
71
35
78
79
77
73
74
82
88
85
86
81
82
74
76
74
75
74
76
77
81
74
77
81
77
79
79
80
81
82
88
73
83
84
82
88
82
84
88
86
87
89
72
73
85
88
84
73
88
89
96
98
97
101
93
92
105
104
107
93
101
100
94
93
95
96
95
93
96
93
100
98
96
100
100
99
98
92
107
101
101
103
102
103
101
107
106
105
107
92
91
108
103
107
104
108
107
92
