0
38
1
38
39
1
2
40
3
40
41
3
4
42
5
42
43
5
6
44
7
44
45
7
8
46
9
46
47
9
10
48
11
48
49
11
12
50
13
50
51
13
14
52
15
52
53
15
16
54
17
54
55
17
18
56
19
56
57
19
20
58
21
58
59
21
22
60
23
60
61
23
24
62
25
62
63
25
26
64
27
64
65
27
28
66
29
66
67
29
30
68
31
68
69
31
32
70
33
70
71
33
34
72
35
72
73
35
36
74
37
74
75
37
78
86
79
84
82
85
79
86
85
82
81
80
82
80
85
84
83
82
89
88
87
78
77
86
79
85
80
94
93
86
87
90
89
90
86
91
86
90
87
92
86
93
92
91
86
94
77
76
77
94
86
99
106
98
105
102
104
105
106
99
100
101
102
105
100
102
102
103
104
107
108
109
106
97
98
100
105
99
106
113
114
109
110
107
111
106
110
107
110
106
113
106
112
106
111
112
96
97
114
106
114
97
