0
28
1
28
29
1
2
30
3
30
31
3
4
32
5
32
33
5
6
34
7
34
35
7
8
36
9
36
37
9
10
38
11
38
39
11
12
40
13
40
41
13
14
42
15
42
43
15
16
44
17
44
45
17
18
46
19
46
47
19
20
48
21
48
49
21
22
50
23
50
51
23
24
52
25
52
53
25
26
54
27
54
55
27
58
63
59
59
63
62
58
57
56
62
61
59
61
60
59
65
64
63
69
65
63
65
69
68
67
66
65
69
58
56
68
67
65
58
69
63
74
78
73
77
78
74
71
72
73
74
76
77
74
75
76
78
79
80
78
80
84
83
84
80
80
81
82
71
73
84
80
82
83
78
84
73
