0
40
1
40
41
1
2
42
3
42
43
3
4
44
5
44
45
5
6
46
7
46
47
7
8
48
9
48
49
9
10
50
11
50
51
11
12
52
13
52
53
13
14
54
15
54
55
15
16
56
17
56
57
17
18
58
19
58
59
19
20
60
21
60
61
21
22
62
23
62
63
23
24
64
25
64
65
25
26
66
27
66
67
27
28
68
29
68
69
29
30
70
31
70
71
31
32
72
33
72
73
33
34
74
35
74
75
35
36
76
37
76
77
37
38
78
39
78
79
39
93
94
92
82
80
81
92
90
91
84
85
83
83
85
92
86
87
90
87
88
90
86
92
85
86
90
92
89
90
88
82
83
95
83
92
94
98
99
80
95
83
94
96
82
95
98
82
96
97
98
96
98
80
82
113
115
114
102
101
103
112
111
113
104
106
105
113
106
104
111
108
107
111
109
108
106
113
107
113
111
107
109
111
110
116
104
103
115
113
104
101
120
119
115
104
116
116
103
117
117
103
119
117
119
118
103
101
119
