0
34
1
34
35
1
2
36
3
36
37
3
4
38
5
38
39
5
6
40
7
40
41
7
8
42
9
42
43
9
10
44
11
44
45
11
12
46
13
46
47
13
14
48
15
48
49
15
16
50
17
50
51
17
18
52
19
52
53
19
20
54
21
54
55
21
22
56
23
56
57
23
24
58
25
58
59
25
26
60
27
60
61
27
28
62
29
62
63
29
30
64
31
64
65
31
32
66
33
66
67
33
34
68
35
68
69
35
36
70
37
70
71
37
38
72
39
72
73
39
40
74
41
74
75
41
42
76
43
76
77
43
44
78
45
78
79
45
46
80
47
80
81
47
48
82
49
82
83
49
50
84
51
84
85
51
52
86
53
86
87
53
54
88
55
88
89
55
56
90
57
90
91
57
58
92
59
92
93
59
60
94
61
94
95
61
62
96
63
96
97
63
64
98
65
98
99
65
66
100
67
100
101
67
68
102
69
102
103
69
70
104
71
104
105
71
72
106
73
106
107
73
74
108
75
108
109
75
76
110
77
110
111
77
78
112
79
112
113
79
80
114
81
114
115
81
82
116
83
116
117
83
84
118
85
118
119
85
86
120
87
120
121
87
88
122
89
122
123
89
90
124
91
124
125
91
92
126
93
126
127
93
94
128
95
128
129
95
96
130
97
130
131
97
98
132
99
132
133
99
100
134
101
134
135
101
102
136
103
136
137
103
104
138
105
138
139
105
106
140
107
140
141
107
108
142
109
142
143
109
110
144
111
144
145
111
112
146
113
146
147
113
114
148
115
148
149
115
116
150
117
150
151
117
118
152
119
152
153
119
120
154
121
154
155
121
122
156
123
156
157
123
124
158
125
158
159
125
126
160
127
160
161
127
128
162
129
162
163
129
130
164
131
164
165
131
132
166
133
166
167
133
134
168
135
168
169
135
181
183
184
175
176
174
172
173
174
172
179
180
176
172
174
176
177
179
171
172
180
171
186
170
178
179
177
179
172
176
184
171
181
180
181
171
182
183
181
186
171
184
185
186
184
202
201
199
192
194
193
192
191
190
198
197
190
192
190
194
197
195
194
198
190
189
188
204
189
195
197
196
194
190
197
199
189
202
189
199
198
199
201
200
202
189
204
202
204
203
