0
26
1
26
27
1
2
28
3
28
29
3
4
30
5
30
31
5
6
32
7
32
33
7
8
34
9
34
35
9
10
36
11
36
37
11
12
38
13
38
39
13
14
40
15
40
41
15
16
42
17
42
43
17
18
44
19
44
45
19
20
46
21
46
47
21
22
48
23
48
49
23
24
50
25
50
51
25
60
53
55
53
60
52
54
55
53
56
57
55
60
57
59
58
59
57
57
60
55
52
60
61
64
52
61
61
62
64
64
62
63
69
67
74
66
74
67
67
69
68
69
71
70
73
71
74
71
73
72
69
74
71
75
74
66
75
66
78
78
76
75
77
76
78
