0
30
1
30
31
1
2
32
3
32
33
3
4
34
5
34
35
5
6
36
7
36
37
7
8
38
9
38
39
9
10
40
11
40
41
11
12
42
13
42
43
13
14
44
15
44
45
15
16
46
17
46
47
17
18
48
19
48
49
19
20
50
21
50
51
21
22
52
23
52
53
23
24
54
25
54
55
25
26
56
27
56
57
27
28
58
29
58
59
29
62
61
60
69
68
67
71
67
65
63
74
71
65
64
63
66
65
67
67
71
69
70
69
71
62
60
74
63
71
65
74
73
71
71
73
72
74
63
62
76
77
78
83
84
85
81
83
87
87
90
79
79
80
81
83
81
82
85
87
83
87
85
86
90
76
78
81
87
79
87
89
90
88
89
87
78
79
90
