0
30
1
30
31
1
2
32
3
32
33
3
4
34
5
34
35
5
6
36
7
36
37
7
8
38
9
38
39
9
10
40
11
40
41
11
12
42
13
42
43
13
14
44
15
44
45
15
16
46
17
46
47
17
18
48
19
48
49
19
20
50
21
50
51
21
22
52
23
52
53
23
24
54
25
54
55
25
26
56
27
56
57
27
28
58
29
58
59
29
74
60
62
70
67
68
61
62
60
64
62
63
70
68
69
71
62
64
65
66
64
67
70
66
66
71
64
71
66
70
62
71
72
72
73
62
62
73
74
78
76
90
84
83
86
76
78
77
79
78
80
85
84
86
80
78
87
80
82
81
82
86
83
80
87
82
86
82
87
88
87
78
78
89
88
90
89
78
