0
36
1
36
37
1
2
38
3
38
39
3
4
40
5
40
41
5
6
42
7
42
43
7
8
44
9
44
45
9
10
46
11
46
47
11
12
48
13
48
49
13
14
50
15
50
51
15
16
52
17
52
53
17
18
54
19
54
55
19
20
56
21
56
57
21
22
58
23
58
59
23
24
60
25
60
61
25
26
62
27
62
63
27
28
64
29
64
65
29
30
66
31
66
67
31
32
68
33
68
69
33
34
70
35
70
71
35
74
73
72
86
85
79
76
75
74
85
83
82
86
79
78
80
85
81
82
81
85
74
88
87
74
72
89
76
74
87
76
87
86
80
79
85
85
84
83
86
77
76
77
86
78
88
74
89
91
92
93
98
104
105
93
94
95
101
102
104
97
98
105
100
104
99
104
100
101
106
107
93
108
91
93
106
93
95
105
106
95
104
98
99
102
103
104
95
96
105
97
105
96
108
93
107
