0
24
1
24
25
1
2
26
3
26
27
3
4
28
5
28
29
5
6
30
7
30
31
7
8
32
9
32
33
9
10
34
11
34
35
11
12
36
13
36
37
13
14
38
15
38
39
15
16
40
17
40
41
17
18
42
19
42
43
19
20
44
21
44
45
21
22
46
23
46
47
23
58
50
49
55
57
56
52
57
55
52
51
50
54
53
52
55
54
52
48
59
58
50
57
52
48
58
49
58
57
50
62
63
71
69
70
68
68
70
65
63
64
65
65
66
67
65
67
68
71
72
61
65
70
63
62
71
61
63
70
71
