0
56
1
56
57
1
2
58
3
58
59
3
4
60
5
60
61
5
6
62
7
62
63
7
8
64
9
64
65
9
10
66
11
66
67
11
12
68
13
68
69
13
14
70
15
70
71
15
16
72
17
72
73
17
18
74
19
74
75
19
20
76
21
76
77
21
22
78
23
78
79
23
24
80
25
80
81
25
26
82
27
82
83
27
28
84
29
84
85
29
30
86
31
86
87
31
32
88
33
88
89
33
34
90
35
90
91
35
36
92
37
92
93
37
38
94
39
94
95
39
40
96
41
96
97
41
42
98
43
98
99
43
44
100
45
100
101
45
46
102
47
102
103
47
48
104
49
104
105
49
50
106
51
106
107
51
52
108
53
108
109
53
54
110
55
110
111
55
119
117
120
124
123
112
118
117
119
115
120
116
116
120
117
121
114
122
121
120
115
115
114
121
123
122
113
114
113
122
124
139
125
112
123
113
127
137
128
125
138
126
129
134
130
134
129
135
129
128
135
131
133
132
134
133
130
136
135
128
133
131
130
127
126
137
136
128
137
125
139
138
126
138
137
112
139
124
149
146
148
141
152
153
148
146
147
145
149
144
146
149
145
151
143
150
144
149
150
150
143
144
142
151
152
151
142
143
154
168
153
142
152
141
157
166
156
155
167
154
159
163
158
164
158
163
164
157
158
161
162
160
159
162
163
157
164
165
159
160
162
166
155
156
166
157
165
167
168
154
166
167
155
153
168
141
