0
60
1
60
61
1
2
62
3
62
63
3
4
64
5
64
65
5
6
66
7
66
67
7
8
68
9
68
69
9
10
70
11
70
71
11
12
72
13
72
73
13
14
74
15
74
75
15
16
76
17
76
77
17
18
78
19
78
79
19
20
80
21
80
81
21
22
82
23
82
83
23
24
84
25
84
85
25
26
86
27
86
87
27
28
88
29
88
89
29
30
90
31
90
91
31
32
92
33
92
93
33
34
94
35
94
95
35
36
96
37
96
97
37
38
98
39
98
99
39
40
100
41
100
101
41
42
102
43
102
103
43
44
104
45
104
105
45
46
106
47
106
107
47
48
108
49
108
109
49
50
110
51
110
111
51
52
112
53
112
113
53
54
114
55
114
115
55
56
116
57
116
117
57
58
118
59
118
119
59
123
124
121
129
130
127
123
121
122
127
120
126
121
124
126
134
136
133
125
126
124
126
120
121
129
127
128
120
127
130
131
132
133
137
131
136
136
131
133
137
139
120
135
136
134
131
137
130
137
120
130
138
139
137
141
143
144
142
143
141
148
139
140
141
147
140
146
144
145
146
141
144
141
146
147
140
147
148
148
120
139
149
120
148
152
155
154
158
161
160
153
152
154
157
151
158
157
155
152
164
167
165
155
157
156
152
151
157
159
158
160
161
158
151
164
163
162
167
162
168
164
162
167
151
170
168
165
167
166
161
168
162
161
151
168
168
170
169
175
174
172
172
174
173
171
170
179
171
178
172
176
175
177
175
172
177
178
177
172
179
178
171
170
151
179
179
151
180
