0
88
1
88
89
1
2
90
3
90
91
3
4
92
5
92
93
5
6
94
7
94
95
7
8
96
9
96
97
9
10
98
11
98
99
11
12
100
13
100
101
13
14
102
15
102
103
15
16
104
17
104
105
17
18
106
19
106
107
19
20
108
21
108
109
21
22
110
23
110
111
23
24
112
25
112
113
25
26
114
27
114
115
27
28
116
29
116
117
29
30
118
31
118
119
31
32
120
33
120
121
33
34
122
35
122
123
35
36
124
37
124
125
37
38
126
39
126
127
39
40
128
41
128
129
41
42
130
43
130
131
43
44
132
45
132
133
45
46
134
47
134
135
47
48
136
49
136
137
49
50
138
51
138
139
51
52
140
53
140
141
53
54
142
55
142
143
55
56
144
57
144
145
57
58
146
59
146
147
59
60
148
61
148
149
61
62
150
63
150
151
63
64
152
65
152
153
65
66
154
67
154
155
67
68
156
69
156
157
69
70
158
71
158
159
71
72
160
73
160
161
73
74
162
75
162
163
75
76
164
77
164
165
77
78
166
79
166
167
79
80
168
81
168
169
81
82
170
83
170
171
83
84
172
85
172
173
85
86
174
87
174
175
87
88
176
89
176
177
89
90
178
91
178
179
91
92
180
93
180
181
93
94
182
95
182
183
95
96
184
97
184
185
97
98
186
99
186
187
99
100
188
101
188
189
101
102
190
103
190
191
103
104
192
105
192
193
105
106
194
107
194
195
107
108
196
109
196
197
109
110
198
111
198
199
111
112
200
113
200
201
113
114
202
115
202
203
115
116
204
117
204
205
117
118
206
119
206
207
119
120
208
121
208
209
121
122
210
123
210
211
123
124
212
125
212
213
125
126
214
127
214
215
127
128
216
129
216
217
129
130
218
131
218
219
131
132
220
133
220
221
133
134
222
135
222
223
135
136
224
137
224
225
137
138
226
139
226
227
139
140
228
141
228
229
141
142
230
143
230
231
143
144
232
145
232
233
145
146
234
147
234
235
147
148
236
149
236
237
149
150
238
151
238
239
151
152
240
153
240
241
153
154
242
155
242
243
155
156
244
157
244
245
157
158
246
159
246
247
159
160
248
161
248
249
161
162
250
163
250
251
163
164
252
165
252
253
165
166
254
167
254
255
167
168
256
169
256
257
169
170
258
171
258
259
171
172
260
173
260
261
173
174
262
175
262
263
175
176
264
177
264
265
177
178
266
179
266
267
179
180
268
181
268
269
181
182
270
183
270
271
183
184
272
185
272
273
185
186
274
187
274
275
187
188
276
189
276
277
189
190
278
191
278
279
191
192
280
193
280
281
193
194
282
195
282
283
195
196
284
197
284
285
197
198
286
199
286
287
199
200
288
201
288
289
201
202
290
203
290
291
203
204
292
205
292
293
205
206
294
207
294
295
207
208
296
209
296
297
209
210
298
211
298
299
211
212
300
213
300
301
213
214
302
215
302
303
215
216
304
217
304
305
217
218
306
219
306
307
219
220
308
221
308
309
221
222
310
223
310
311
223
224
312
225
312
313
225
226
314
227
314
315
227
228
316
229
316
317
229
230
318
231
318
319
231
232
320
233
320
321
233
234
322
235
322
323
235
236
324
237
324
325
237
238
326
239
326
327
239
240
328
241
328
329
241
242
330
243
330
331
243
244
332
245
332
333
245
246
334
247
334
335
247
248
336
249
336
337
249
250
338
251
338
339
251
252
340
253
340
341
253
254
342
255
342
343
255
256
344
257
344
345
257
258
346
259
346
347
259
260
348
261
348
349
261
262
350
263
350
351
263
395
394
355
387
386
362
387
362
388
395
354
353
359
390
360
354
395
355
392
391
358
377
376
372
355
393
356
388
362
361
389
388
361
362
386
363
385
384
365
378
372
371
372
376
373
365
364
385
382
381
368
375
374
376
383
366
365
383
382
366
379
378
371
353
352
395
373
376
374
383
365
384
369
380
370
370
379
371
380
379
370
381
380
369
369
368
381
382
367
366
367
382
368
377
372
378
385
364
363
386
385
363
393
355
394
358
391
390
360
389
361
390
389
360
392
356
393
390
359
358
357
392
358
392
357
356
400
439
440
407
431
432
433
407
432
398
399
440
405
435
404
400
440
399
403
436
437
417
421
422
401
438
400
406
407
433
406
433
434
408
431
407
410
429
430
416
417
423
418
421
417
430
409
410
413
426
427
421
419
420
410
411
428
411
427
428
416
423
424
440
397
398
419
421
418
429
410
428
415
425
414
416
424
415
415
424
425
414
425
426
426
413
414
411
412
427
413
427
412
423
417
422
408
409
430
408
430
431
439
400
438
435
436
403
406
434
405
405
434
435
438
401
437
403
404
435
403
437
402
401
402
437
