0
38
1
38
39
1
2
40
3
40
41
3
4
42
5
42
43
5
6
44
7
44
45
7
8
46
9
46
47
9
10
48
11
48
49
11
12
50
13
50
51
13
14
52
15
52
53
15
16
54
17
54
55
17
18
56
19
56
57
19
20
58
21
58
59
21
22
60
23
60
61
23
24
62
25
62
63
25
26
64
27
64
65
27
28
66
29
66
67
29
30
68
31
68
69
31
32
70
33
70
71
33
34
72
35
72
73
35
36
74
37
74
75
37
38
76
39
76
77
39
40
78
41
78
79
41
42
80
43
80
81
43
44
82
45
82
83
45
46
84
47
84
85
47
48
86
49
86
87
49
50
88
51
88
89
51
52
90
53
90
91
53
54
92
55
92
93
55
56
94
57
94
95
57
58
96
59
96
97
59
60
98
61
98
99
61
62
100
63
100
101
63
64
102
65
102
103
65
66
104
67
104
105
67
68
106
69
106
107
69
70
108
71
108
109
71
72
110
73
110
111
73
74
112
75
112
113
75
117
120
119
116
132
121
120
117
121
118
117
119
122
121
126
117
116
121
122
126
125
121
127
126
125
124
122
122
124
123
132
127
121
131
127
132
128
131
129
127
131
128
131
130
129
116
115
132
132
115
114
139
140
137
141
152
136
141
137
140
139
137
138
146
141
142
141
136
137
145
146
142
146
147
141
142
144
145
143
144
142
141
147
152
152
147
151
149
151
148
148
151
147
149
150
151
152
135
136
134
135
152
