0
72
1
72
73
1
2
74
3
74
75
3
4
76
5
76
77
5
6
78
7
78
79
7
8
80
9
80
81
9
10
82
11
82
83
11
12
84
13
84
85
13
14
86
15
86
87
15
16
88
17
88
89
17
18
90
19
90
91
19
20
92
21
92
93
21
22
94
23
94
95
23
24
96
25
96
97
25
26
98
27
98
99
27
28
100
29
100
101
29
30
102
31
102
103
31
32
104
33
104
105
33
34
106
35
106
107
35
36
108
37
108
109
37
38
110
39
110
111
39
40
112
41
112
113
41
42
114
43
114
115
43
44
116
45
116
117
45
46
118
47
118
119
47
48
120
49
120
121
49
50
122
51
122
123
51
52
124
53
124
125
53
54
126
55
126
127
55
56
128
57
128
129
57
58
130
59
130
131
59
60
132
61
132
133
61
62
134
63
134
135
63
64
136
65
136
137
65
66
138
67
138
139
67
68
140
69
140
141
69
70
142
71
142
143
71
168
152
167
145
147
144
153
154
155
146
147
145
148
150
177
149
150
148
156
158
155
153
162
152
159
153
158
157
158
156
155
158
153
161
159
160
152
162
163
162
159
161
159
162
153
166
163
164
165
166
164
166
152
163
167
152
166
152
172
151
171
172
152
168
169
171
170
171
169
168
171
152
174
172
173
175
172
174
175
151
172
176
151
175
176
177
151
151
177
150
178
147
148
177
178
148
178
144
147
179
144
178
204
189
205
181
184
182
192
191
190
182
184
183
214
187
185
185
187
186
192
195
193
189
199
190
195
190
196
193
195
194
190
195
192
197
196
198
200
199
189
198
196
199
190
199
196
201
200
203
201
203
202
200
189
203
203
189
204
188
209
189
189
209
208
208
206
205
206
208
207
189
208
205
210
209
211
211
209
212
209
188
212
212
188
213
188
214
213
187
214
188
185
184
215
185
215
214
184
181
215
215
181
216
