0
72
1
72
73
1
2
74
3
74
75
3
4
76
5
76
77
5
6
78
7
78
79
7
8
80
9
80
81
9
10
82
11
82
83
11
12
84
13
84
85
13
14
86
15
86
87
15
16
88
17
88
89
17
18
90
19
90
91
19
20
92
21
92
93
21
22
94
23
94
95
23
24
96
25
96
97
25
26
98
27
98
99
27
28
100
29
100
101
29
30
102
31
102
103
31
32
104
33
104
105
33
34
106
35
106
107
35
36
108
37
108
109
37
38
110
39
110
111
39
40
112
41
112
113
41
42
114
43
114
115
43
44
116
45
116
117
45
46
118
47
118
119
47
48
120
49
120
121
49
50
122
51
122
123
51
52
124
53
124
125
53
54
126
55
126
127
55
56
128
57
128
129
57
58
130
59
130
131
59
60
132
61
132
133
61
62
134
63
134
135
63
64
136
65
136
137
65
66
138
67
138
139
67
68
140
69
140
141
69
70
142
71
142
143
71
149
150
151
144
145
179
157
151
156
152
153
151
148
149
157
156
151
153
156
153
154
154
155
156
151
157
149
164
168
158
168
148
158
157
158
148
158
159
160
164
158
160
160
161
162
164
160
162
164
162
163
169
147
148
168
169
148
166
167
165
168
165
167
164
165
168
171
169
170
176
147
172
172
169
171
172
147
169
175
173
174
176
173
175
173
176
172
147
179
146
178
176
177
178
147
176
178
179
147
146
179
145
188
187
186
216
182
181
193
188
194
188
190
189
194
186
185
190
188
193
191
190
193
193
192
191
186
194
188
195
205
201
195
185
205
185
195
194
197
196
195
197
195
201
199
198
197
199
197
201
200
199
201
185
184
206
185
206
205
202
204
203
204
202
205
205
202
201
207
206
208
209
184
213
208
206
209
206
184
209
211
210
212
212
210
213
209
213
210
183
216
184
214
213
215
213
184
215
184
216
215
182
216
183
