0
42
1
42
43
1
2
44
3
44
45
3
4
46
5
46
47
5
6
48
7
48
49
7
8
50
9
50
51
9
10
52
11
52
53
11
12
54
13
54
55
13
14
56
15
56
57
15
16
58
17
58
59
17
18
60
19
60
61
19
20
62
21
62
63
21
22
64
23
64
65
23
24
66
25
66
67
25
26
68
27
68
69
27
28
70
29
70
71
29
30
72
31
72
73
31
32
74
33
74
75
33
34
76
35
76
77
35
36
78
37
78
79
37
38
80
39
80
81
39
40
82
41
82
83
41
87
86
85
87
85
84
88
102
92
103
87
104
93
92
102
90
89
88
90
92
91
102
101
97
88
92
90
95
94
93
93
102
97
95
97
96
93
97
95
98
97
101
100
99
98
101
100
98
102
88
103
84
104
87
87
103
88
107
108
109
106
107
109
114
124
110
126
109
125
124
114
115
110
111
112
113
114
112
119
123
124
112
114
110
115
116
117
119
124
115
118
119
117
117
119
115
123
119
120
120
121
122
120
122
123
125
110
124
109
126
106
110
125
109
