0
54
1
54
55
1
2
56
3
56
57
3
4
58
5
58
59
5
6
60
7
60
61
7
8
62
9
62
63
9
10
64
11
64
65
11
12
66
13
66
67
13
14
68
15
68
69
15
16
70
17
70
71
17
18
72
19
72
73
19
20
74
21
74
75
21
22
76
23
76
77
23
24
78
25
78
79
25
26
80
27
80
81
27
28
82
29
82
83
29
30
84
31
84
85
31
32
86
33
86
87
33
34
88
35
88
89
35
36
90
37
90
91
37
38
92
39
92
93
39
40
94
41
94
95
41
42
96
43
96
97
43
44
98
45
98
99
45
46
100
47
100
101
47
48
102
49
102
103
49
50
104
51
104
105
51
52
106
53
106
107
53
116
117
118
132
133
109
134
108
109
129
112
128
109
110
132
127
128
124
112
113
128
114
123
113
114
115
123
116
121
115
118
120
116
118
119
120
121
116
120
115
121
122
123
128
113
122
123
115
123
124
128
126
124
125
127
124
126
112
129
111
110
111
129
110
129
132
131
129
130
132
129
131
109
133
134
146
145
144
137
161
160
137
136
162
156
140
157
160
138
137
152
156
155
156
141
140
141
151
142
151
143
142
143
149
144
144
148
146
148
147
146
148
144
149
150
149
143
141
156
151
143
151
150
156
152
151
153
152
154
154
152
155
139
157
140
157
139
138
160
157
138
158
157
159
159
157
160
162
161
137
