0
64
1
64
65
1
2
66
3
66
67
3
4
68
5
68
69
5
6
70
7
70
71
7
8
72
9
72
73
9
10
74
11
74
75
11
12
76
13
76
77
13
14
78
15
78
79
15
16
80
17
80
81
17
18
82
19
82
83
19
20
84
21
84
85
21
22
86
23
86
87
23
24
88
25
88
89
25
26
90
27
90
91
27
28
92
29
92
93
29
30
94
31
94
95
31
32
96
33
96
97
33
34
98
35
98
99
35
36
100
37
100
101
37
38
102
39
102
103
39
40
104
41
104
105
41
42
106
43
106
107
43
44
108
45
108
109
45
46
110
47
110
111
47
48
112
49
112
113
49
50
114
51
114
115
51
52
116
53
116
117
53
54
118
55
118
119
55
56
120
57
120
121
57
58
122
59
122
123
59
60
124
61
124
125
61
62
126
63
126
127
63
64
128
65
128
129
65
66
130
67
130
131
67
68
132
69
132
133
69
70
134
71
134
135
71
72
136
73
136
137
73
74
138
75
138
139
75
76
140
77
140
141
77
78
142
79
142
143
79
80
144
81
144
145
81
82
146
83
146
147
83
84
148
85
148
149
85
86
150
87
150
151
87
88
152
89
152
153
89
90
154
91
154
155
91
92
156
93
156
157
93
94
158
95
158
159
95
96
160
97
160
161
97
98
162
99
162
163
99
100
164
101
164
165
101
102
166
103
166
167
103
104
168
105
168
169
105
106
170
107
170
171
107
108
172
109
172
173
109
110
174
111
174
175
111
112
176
113
176
177
113
114
178
115
178
179
115
116
180
117
180
181
117
118
182
119
182
183
119
120
184
121
184
185
121
122
186
123
186
187
123
124
188
125
188
189
125
126
190
127
190
191
127
128
192
129
192
193
129
130
194
131
194
195
131
132
196
133
196
197
133
134
198
135
198
199
135
136
200
137
200
201
137
138
202
139
202
203
139
140
204
141
204
205
141
142
206
143
206
207
143
144
208
145
208
209
145
146
210
147
210
211
147
148
212
149
212
213
149
150
214
151
214
215
151
152
216
153
216
217
153
154
218
155
218
219
155
156
220
157
220
221
157
158
222
159
222
223
159
160
224
161
224
225
161
162
226
163
226
227
163
164
228
165
228
229
165
166
230
167
230
231
167
168
232
169
232
233
169
170
234
171
234
235
171
172
236
173
236
237
173
174
238
175
238
239
175
176
240
177
240
241
177
178
242
179
242
243
179
180
244
181
244
245
181
182
246
183
246
247
183
184
248
185
248
249
185
186
250
187
250
251
187
188
252
189
252
253
189
190
254
191
254
255
191
192
256
193
256
257
193
194
258
195
258
259
195
196
260
197
260
261
197
198
262
199
262
263
199
200
264
201
264
265
201
202
266
203
266
267
203
204
268
205
268
269
205
206
270
207
270
271
207
208
272
209
272
273
209
210
274
211
274
275
211
212
276
213
276
277
213
214
278
215
278
279
215
216
280
217
280
281
217
218
282
219
282
283
219
220
284
221
284
285
221
222
286
223
286
287
223
224
288
225
288
289
225
226
290
227
290
291
227
228
292
229
292
293
229
230
294
231
294
295
231
232
296
233
296
297
233
234
298
235
298
299
235
236
300
237
300
301
237
238
302
239
302
303
239
240
304
241
304
305
241
242
306
243
306
307
243
244
308
245
308
309
245
246
310
247
310
311
247
248
312
249
312
313
249
250
314
251
314
315
251
252
316
253
316
317
253
254
318
255
318
319
255
256
320
257
320
321
257
258
322
259
322
323
259
260
324
261
324
325
261
262
326
263
326
327
263
264
328
265
328
329
265
266
330
267
330
331
267
268
332
269
332
333
269
270
334
271
334
335
271
272
336
273
336
337
273
274
338
275
338
339
275
276
340
277
340
341
277
278
342
279
342
343
279
280
344
281
344
345
281
282
346
283
346
347
283
284
348
285
348
349
285
286
350
287
350
351
287
288
352
289
352
353
289
290
354
291
354
355
291
292
356
293
356
357
293
294
358
295
358
359
295
296
360
297
360
361
297
298
362
299
362
363
299
300
364
301
364
365
301
302
366
303
366
367
303
304
368
305
368
369
305
306
370
307
370
371
307
308
372
309
372
373
309
310
374
311
374
375
311
312
376
313
376
377
313
314
378
315
378
379
315
316
380
317
380
381
317
318
382
319
382
383
319
320
384
321
384
385
321
322
386
323
386
387
323
324
388
325
388
389
325
326
390
327
390
391
327
328
392
329
392
393
329
330
394
331
394
395
331
332
396
333
396
397
333
334
398
335
398
399
335
336
400
337
400
401
337
338
402
339
402
403
339
340
404
341
404
405
341
342
406
343
406
407
343
344
408
345
408
409
345
346
410
347
410
411
347
348
412
349
412
413
349
350
414
351
414
415
351
352
416
353
416
417
353
354
418
355
418
419
355
356
420
357
420
421
357
358
422
359
422
423
359
360
424
361
424
425
361
362
426
363
426
427
363
364
428
365
428
429
365
366
430
367
430
431
367
368
432
369
432
433
369
370
434
371
434
435
371
372
436
373
436
437
373
374
438
375
438
439
375
376
440
377
440
441
377
378
442
379
442
443
379
380
444
381
444
445
381
382
446
383
446
447
383
384
448
385
448
449
385
386
450
387
450
451
387
388
452
389
452
453
389
390
454
391
454
455
391
392
456
393
456
457
393
394
458
395
458
459
395
396
460
397
460
461
397
398
462
399
462
463
399
400
464
401
464
465
401
402
466
403
466
467
403
404
468
405
468
469
405
406
470
407
470
471
407
408
472
409
472
473
409
410
474
411
474
475
411
412
476
413
476
477
413
414
478
415
478
479
415
416
480
417
480
481
417
418
482
419
482
483
419
420
484
421
484
485
421
422
486
423
486
487
423
424
488
425
488
489
425
426
490
427
490
491
427
428
492
429
492
493
429
430
494
431
494
495
431
432
496
433
496
497
433
434
498
435
498
499
435
436
500
437
500
501
437
438
502
439
502
503
439
440
504
441
504
505
441
442
506
443
506
507
443
444
508
445
508
509
445
446
510
447
510
511
447
448
512
449
512
513
449
450
514
451
514
515
451
452
516
453
516
517
453
454
518
455
518
519
455
456
520
457
520
521
457
458
522
459
522
523
459
460
524
461
524
525
461
462
526
463
526
527
463
464
528
465
528
529
465
466
530
467
530
531
467
468
532
469
532
533
469
470
534
471
534
535
471
472
536
473
536
537
473
474
538
475
538
539
475
476
540
477
540
541
477
478
542
479
542
543
479
480
544
481
544
545
481
482
546
483
546
547
483
484
548
485
548
549
485
486
550
487
550
551
487
488
552
489
552
553
489
490
554
491
554
555
491
492
556
493
556
557
493
494
558
495
558
559
495
496
560
497
560
561
497
498
562
499
562
563
499
500
564
501
564
565
501
502
566
503
566
567
503
504
568
505
568
569
505
506
570
507
570
571
507
508
572
509
572
573
509
510
574
511
574
575
511
512
576
513
576
577
513
514
578
515
578
579
515
516
580
517
580
581
517
518
582
519
582
583
519
520
584
521
584
585
521
522
586
523
586
587
523
524
588
525
588
589
525
526
590
527
590
591
527
528
592
529
592
593
529
530
594
531
594
595
531
532
596
533
596
597
533
534
598
535
598
599
535
536
600
537
600
601
537
538
602
539
602
603
539
540
604
541
604
605
541
542
606
543
606
607
543
544
608
545
608
609
545
546
610
547
610
611
547
548
612
549
612
613
549
550
614
551
614
615
551
552
616
553
616
617
553
554
618
555
618
619
555
556
620
557
620
621
557
558
622
559
622
623
559
560
624
561
624
625
561
562
626
563
626
627
563
564
628
565
628
629
565
566
630
567
630
631
567
568
632
569
632
633
569
570
634
571
634
635
571
572
636
573
636
637
573
574
638
575
638
639
575
576
640
577
640
641
577
578
642
579
642
643
579
580
644
581
644
645
581
582
646
583
646
647
583
584
648
585
648
649
585
586
650
587
650
651
587
588
652
589
652
653
589
590
654
591
654
655
591
592
656
593
656
657
593
594
658
595
658
659
595
596
660
597
660
661
597
598
662
599
662
663
599
600
664
601
664
665
601
602
666
603
666
667
603
604
668
605
668
669
605
606
670
607
670
671
607
608
672
609
672
673
609
610
674
611
674
675
611
612
676
613
676
677
613
614
678
615
678
679
615
616
680
617
680
681
617
618
682
619
682
683
619
620
684
621
684
685
621
622
686
623
686
687
623
624
688
625
688
689
625
626
690
627
690
691
627
628
692
629
692
693
629
630
694
631
694
695
631
632
696
633
696
697
633
634
698
635
698
699
635
636
700
637
700
701
637
638
702
639
702
703
639
707
706
705
726
723
729
707
710
708
710
709
708
711
710
713
711
713
712
707
713
710
713
716
715
722
721
719
717
716
713
713
715
714
719
717
713
719
718
717
719
721
720
713
707
722
719
713
722
731
729
723
707
705
722
724
723
726
724
726
725
728
727
729
729
731
730
726
729
727
722
705
731
723
722
731
731
733
732
734
733
705
731
705
733
735
705
704
705
735
734
738
739
740
762
756
759
741
743
740
741
742
743
746
743
744
745
746
744
743
746
740
748
749
746
752
754
755
746
749
750
747
748
746
746
750
752
750
751
752
753
754
752
755
740
746
755
746
752
756
762
764
755
738
740
759
756
757
758
759
757
762
760
761
763
764
762
760
762
759
764
738
755
764
755
756
765
766
764
738
766
767
766
738
764
737
738
768
767
768
738
