0
32
1
32
33
1
2
34
3
34
35
3
4
36
5
36
37
5
6
38
7
38
39
7
8
40
9
40
41
9
10
42
11
42
43
11
12
44
13
44
45
13
14
46
15
46
47
15
16
48
17
48
49
17
18
50
19
50
51
19
20
52
21
52
53
21
22
54
23
54
55
23
24
56
25
56
57
25
26
58
27
58
59
27
28
60
29
60
61
29
30
62
31
62
63
31
69
70
68
65
79
64
65
66
79
72
66
67
68
70
67
70
71
67
67
71
72
66
72
79
79
72
73
75
78
74
78
75
76
76
77
78
78
73
74
79
73
78
85
87
86
81
96
82
96
83
82
84
83
89
84
87
85
84
88
87
89
88
84
96
89
83
90
89
96
91
95
92
93
92
95
95
94
93
91
90
95
95
90
96
