0
50
1
50
51
1
2
52
3
52
53
3
4
54
5
54
55
5
6
56
7
56
57
7
8
58
9
58
59
9
10
60
11
60
61
11
12
62
13
62
63
13
14
64
15
64
65
15
16
66
17
66
67
17
18
68
19
68
69
19
20
70
21
70
71
21
22
72
23
72
73
23
24
74
25
74
75
25
26
76
27
76
77
27
28
78
29
78
79
29
30
80
31
80
81
31
32
82
33
82
83
33
34
84
35
84
85
35
36
86
37
86
87
37
38
88
39
88
89
39
40
90
41
90
91
41
42
92
43
92
93
43
44
94
45
94
95
45
46
96
47
96
97
47
48
98
49
98
99
49
116
106
117
103
102
101
111
115
112
119
104
120
116
115
110
110
115
111
110
109
108
107
110
108
114
113
112
115
114
112
116
107
106
116
110
107
122
100
124
117
106
105
124
123
122
104
118
105
117
105
118
120
104
121
104
119
118
122
121
103
104
103
121
122
101
100
101
122
103
143
132
142
127
128
129
138
141
137
146
130
145
136
141
142
137
141
136
134
135
136
134
136
133
138
139
140
138
140
141
132
133
142
133
136
142
150
126
148
131
132
143
148
149
150
131
144
130
144
131
143
147
130
146
144
145
130
129
147
148
147
129
130
126
127
148
129
148
127
