0
40
1
40
41
1
2
42
3
42
43
3
4
44
5
44
45
5
6
46
7
46
47
7
8
48
9
48
49
9
10
50
11
50
51
11
12
52
13
52
53
13
14
54
15
54
55
15
16
56
17
56
57
17
18
58
19
58
59
19
20
60
21
60
61
21
22
62
23
62
63
23
24
64
25
64
65
25
26
66
27
66
67
27
28
68
29
68
69
29
30
70
31
70
71
31
32
72
33
72
73
33
34
74
35
74
75
35
36
76
37
76
77
37
38
78
39
78
79
39
94
95
93
84
85
86
81
83
86
82
83
81
84
86
83
81
87
80
87
81
86
92
87
89
92
89
91
88
89
87
91
89
90
92
80
87
80
92
93
93
98
80
98
99
80
95
96
97
98
95
97
95
98
93
114
116
115
107
106
105
107
104
102
102
104
103
104
107
105
101
108
102
107
102
108
110
108
113
112
110
113
108
110
109
111
110
112
108
101
113
114
113
101
101
119
114
101
120
119
118
117
116
118
116
119
114
119
116
