0
42
1
42
43
1
2
44
3
44
45
3
4
46
5
46
47
5
6
48
7
48
49
7
8
50
9
50
51
9
10
52
11
52
53
11
12
54
13
54
55
13
14
56
15
56
57
15
16
58
17
58
59
17
18
60
19
60
61
19
20
62
21
62
63
21
22
64
23
64
65
23
24
66
25
66
67
25
26
68
27
68
69
27
28
70
29
70
71
29
30
72
31
72
73
31
32
74
33
74
75
33
34
76
35
76
77
35
36
78
37
78
79
37
38
80
39
80
81
39
40
82
41
82
83
41
100
101
89
103
84
85
103
87
102
99
90
91
93
98
99
92
99
91
95
97
94
98
93
94
97
98
94
93
99
92
90
100
89
89
101
88
90
99
100
102
87
88
101
102
88
86
87
103
86
103
85
84
103
104
96
97
95
111
123
122
107
106
125
124
109
125
113
112
121
121
120
115
113
121
114
116
119
117
116
115
120
116
120
119
114
121
115
111
122
112
110
123
111
122
121
112
110
109
124
110
124
123
125
109
108
107
125
108
126
125
106
117
119
118
