0
28
1
28
29
1
2
30
3
30
31
3
4
32
5
32
33
5
6
34
7
34
35
7
8
36
9
36
37
9
10
38
11
38
39
11
12
40
13
40
41
13
14
42
15
42
43
15
16
44
17
44
45
17
18
46
19
46
47
19
20
48
21
48
49
21
22
50
23
50
51
23
24
52
25
52
53
25
26
54
27
54
55
27
64
66
67
67
63
64
61
56
57
58
59
57
61
57
59
59
60
61
61
69
56
63
68
62
66
64
65
67
68
63
69
62
68
62
69
61
82
81
79
79
78
82
72
71
76
72
74
73
74
72
76
76
75
74
71
84
76
77
83
78
80
79
81
78
83
82
83
77
84
76
84
77
