0
36
1
36
37
1
2
38
3
38
39
3
4
40
5
40
41
5
6
42
7
42
43
7
8
44
9
44
45
9
10
46
11
46
47
11
12
48
13
48
49
13
14
50
15
50
51
15
16
52
17
52
53
17
18
54
19
54
55
19
20
56
21
56
57
21
22
58
23
58
59
23
24
60
25
60
61
25
26
62
27
62
63
27
28
64
29
64
65
29
30
66
31
66
67
31
32
68
33
68
69
33
34
70
35
70
71
35
36
72
37
72
73
37
38
74
39
74
75
39
40
76
41
76
77
41
42
78
43
78
79
43
44
80
45
80
81
45
46
82
47
82
83
47
48
84
49
84
85
49
50
86
51
86
87
51
52
88
53
88
89
53
54
90
55
90
91
55
56
92
57
92
93
57
58
94
59
94
95
59
60
96
61
96
97
61
62
98
63
98
99
63
64
100
65
100
101
65
66
102
67
102
103
67
68
104
69
104
105
69
70
106
71
106
107
71
108
109
125
110
125
109
120
121
114
112
123
111
119
120
115
121
113
114
120
114
115
116
119
115
117
118
116
119
116
118
113
122
112
111
124
110
113
121
122
123
112
122
124
111
123
124
125
110
144
128
127
128
144
129
133
140
139
130
142
131
134
139
138
133
132
140
134
133
139
134
138
135
135
137
136
137
135
138
131
141
132
129
143
130
141
140
132
141
131
142
142
130
143
129
144
143
