0
84
1
84
85
1
2
86
3
86
87
3
4
88
5
88
89
5
6
90
7
90
91
7
8
92
9
92
93
9
10
94
11
94
95
11
12
96
13
96
97
13
14
98
15
98
99
15
16
100
17
100
101
17
18
102
19
102
103
19
20
104
21
104
105
21
22
106
23
106
107
23
24
108
25
108
109
25
26
110
27
110
111
27
28
112
29
112
113
29
30
114
31
114
115
31
32
116
33
116
117
33
34
118
35
118
119
35
36
120
37
120
121
37
38
122
39
122
123
39
40
124
41
124
125
41
42
126
43
126
127
43
44
128
45
128
129
45
46
130
47
130
131
47
48
132
49
132
133
49
50
134
51
134
135
51
52
136
53
136
137
53
54
138
55
138
139
55
56
140
57
140
141
57
58
142
59
142
143
59
60
144
61
144
145
61
62
146
63
146
147
63
64
148
65
148
149
65
66
150
67
150
151
67
68
152
69
152
153
69
70
154
71
154
155
71
72
156
73
156
157
73
74
158
75
158
159
75
76
160
77
160
161
77
78
162
79
162
163
79
80
164
81
164
165
81
82
166
83
166
167
83
84
168
85
168
169
85
86
170
87
170
171
87
88
172
89
172
173
89
90
174
91
174
175
91
92
176
93
176
177
93
94
178
95
178
179
95
96
180
97
180
181
97
98
182
99
182
183
99
100
184
101
184
185
101
102
186
103
186
187
103
104
188
105
188
189
105
106
190
107
190
191
107
108
192
109
192
193
109
110
194
111
194
195
111
112
196
113
196
197
113
114
198
115
198
199
115
116
200
117
200
201
117
118
202
119
202
203
119
120
204
121
204
205
121
122
206
123
206
207
123
124
208
125
208
209
125
126
210
127
210
211
127
128
212
129
212
213
129
130
214
131
214
215
131
132
216
133
216
217
133
134
218
135
218
219
135
136
220
137
220
221
137
138
222
139
222
223
139
140
224
141
224
225
141
142
226
143
226
227
143
144
228
145
228
229
145
146
230
147
230
231
147
148
232
149
232
233
149
150
234
151
234
235
151
152
236
153
236
237
153
154
238
155
238
239
155
156
240
157
240
241
157
158
242
159
242
243
159
160
244
161
244
245
161
162
246
163
246
247
163
164
248
165
248
249
165
166
250
167
250
251
167
168
252
169
252
253
169
170
254
171
254
255
171
172
256
173
256
257
173
174
258
175
258
259
175
176
260
177
260
261
177
178
262
179
262
263
179
180
264
181
264
265
181
182
266
183
266
267
183
184
268
185
268
269
185
186
270
187
270
271
187
188
272
189
272
273
189
190
274
191
274
275
191
192
276
193
276
277
193
194
278
195
278
279
195
196
280
197
280
281
197
198
282
199
282
283
199
200
284
201
284
285
201
202
286
203
286
287
203
204
288
205
288
289
205
206
290
207
290
291
207
208
292
209
292
293
209
210
294
211
294
295
211
212
296
213
296
297
213
214
298
215
298
299
215
216
300
217
300
301
217
218
302
219
302
303
219
220
304
221
304
305
221
222
306
223
306
307
223
224
308
225
308
309
225
226
310
227
310
311
227
228
312
229
312
313
229
230
314
231
314
315
231
232
316
233
316
317
233
234
318
235
318
319
235
236
320
237
320
321
237
238
322
239
322
323
239
240
324
241
324
325
241
242
326
243
326
327
243
244
328
245
328
329
245
246
330
247
330
331
247
248
332
249
332
333
249
250
334
251
334
335
251
252
336
253
336
337
253
254
338
255
338
339
255
256
340
257
340
341
257
258
342
259
342
343
259
260
344
261
344
345
261
262
346
263
346
347
263
264
348
265
348
349
265
266
350
267
350
351
267
268
352
269
352
353
269
270
354
271
354
355
271
272
356
273
356
357
273
274
358
275
358
359
275
276
360
277
360
361
277
278
362
279
362
363
279
280
364
281
364
365
281
282
366
283
366
367
283
284
368
285
368
369
285
286
370
287
370
371
287
288
372
289
372
373
289
290
374
291
374
375
291
292
376
293
376
377
293
294
378
295
378
379
295
296
380
297
380
381
297
298
382
299
382
383
299
300
384
301
384
385
301
302
386
303
386
387
303
304
388
305
388
389
305
306
390
307
390
391
307
308
392
309
392
393
309
310
394
311
394
395
311
312
396
313
396
397
313
314
398
315
398
399
315
316
400
317
400
401
317
318
402
319
402
403
319
320
404
321
404
405
321
322
406
323
406
407
323
324
408
325
408
409
325
326
410
327
410
411
327
328
412
329
412
413
329
330
414
331
414
415
331
332
416
333
416
417
333
334
418
335
418
419
335
453
424
423
460
459
423
422
421
420
427
429
428
453
457
454
433
432
434
426
436
434
427
426
432
426
425
424
431
430
432
432
426
434
430
429
427
434
436
435
432
430
427
424
437
436
436
426
424
438
450
440
437
452
438
447
449
448
440
439
438
442
441
440
445
444
447
444
443
442
457
456
455
450
438
452
442
449
447
442
447
444
447
446
445
450
442
440
450
449
442
452
451
450
453
452
424
437
424
452
423
459
453
454
457
455
422
420
461
453
459
458
453
458
457
422
461
423
461
460
423
466
467
496
466
502
503
463
464
465
471
472
470
497
500
496
477
475
476
477
479
469
475
469
470
467
468
469
475
473
474
477
469
475
470
472
473
478
479
477
470
473
475
479
480
467
467
469
479
483
493
481
481
495
480
491
492
490
481
482
483
483
484
485
490
487
488
485
486
487
498
499
500
495
481
493
490
492
485
487
490
485
488
489
490
483
485
493
485
492
493
493
494
495
467
495
496
495
467
480
496
502
466
498
500
497
504
463
465
501
502
496
500
501
496
466
504
465
466
503
504
