0
28
1
28
29
1
2
30
3
30
31
3
4
32
5
32
33
5
6
34
7
34
35
7
8
36
9
36
37
9
10
38
11
38
39
11
12
40
13
40
41
13
14
42
15
42
43
15
16
44
17
44
45
17
18
46
19
46
47
19
20
48
21
48
49
21
22
50
23
50
51
23
24
52
25
52
53
25
26
54
27
54
55
27
28
56
29
56
57
29
30
58
31
58
59
31
32
60
33
60
61
33
34
62
35
62
63
35
36
64
37
64
65
37
38
66
39
66
67
39
40
68
41
68
69
41
42
70
43
70
71
43
44
72
45
72
73
45
46
74
47
74
75
47
48
76
49
76
77
49
50
78
51
78
79
51
52
80
53
80
81
53
54
82
55
82
83
55
56
84
57
84
85
57
58
86
59
86
87
59
60
88
61
88
89
61
62
90
63
90
91
63
64
92
65
92
93
65
66
94
67
94
95
67
68
96
69
96
97
69
70
98
71
98
99
71
72
100
73
100
101
73
74
102
75
102
103
75
76
104
77
104
105
77
78
106
79
106
107
79
80
108
81
108
109
81
82
110
83
110
111
83
125
114
113
122
121
117
125
124
115
117
116
115
120
119
118
122
117
124
120
118
117
121
120
117
124
123
122
117
115
124
112
125
113
114
125
115
128
129
140
132
136
137
130
139
140
130
131
132
133
134
135
139
132
137
132
133
135
132
135
136
137
138
139
139
130
132
128
140
127
130
140
129
