0
50
1
50
51
1
2
52
3
52
53
3
4
54
5
54
55
5
6
56
7
56
57
7
8
58
9
58
59
9
10
60
11
60
61
11
12
62
13
62
63
13
14
64
15
64
65
15
16
66
17
66
67
17
18
68
19
68
69
19
20
70
21
70
71
21
22
72
23
72
73
23
24
74
25
74
75
25
26
76
27
76
77
27
28
78
29
78
79
29
30
80
31
80
81
31
32
82
33
82
83
33
34
84
35
84
85
35
36
86
37
86
87
37
38
88
39
88
89
39
40
90
41
90
91
41
42
92
43
92
93
43
44
94
45
94
95
45
46
96
47
96
97
47
48
98
49
98
99
49
106
103
108
118
117
112
106
105
103
107
106
108
103
105
104
109
108
102
109
120
110
124
120
109
108
103
102
112
117
113
124
109
102
119
118
111
117
115
114
110
119
111
117
114
113
100
124
101
117
116
115
111
118
112
120
119
110
123
122
121
120
123
121
123
120
124
124
102
101
134
129
132
138
143
144
129
131
132
134
132
133
130
131
129
128
134
135
136
146
135
135
146
150
128
129
134
139
143
138
128
135
150
137
144
145
140
141
143
137
145
136
139
140
143
127
150
126
141
142
143
138
144
137
136
145
146
147
148
149
147
149
146
150
146
149
127
128
150
