0
24
1
24
25
1
2
26
3
26
27
3
4
28
5
28
29
5
6
30
7
30
31
7
8
32
9
32
33
9
10
34
11
34
35
11
12
36
13
36
37
13
14
38
15
38
39
15
16
40
17
40
41
17
18
42
19
42
43
19
20
44
21
44
45
21
22
46
23
46
47
23
57
51
53
49
58
48
50
51
49
51
52
53
54
55
53
51
57
58
57
55
56
55
57
53
51
58
49
59
48
58
66
64
70
61
71
62
62
64
63
66
65
64
66
68
67
71
70
64
69
68
70
66
70
68
62
71
64
71
61
72
