0
24
1
24
25
1
2
26
3
26
27
3
4
28
5
28
29
5
6
30
7
30
31
7
8
32
9
32
33
9
10
34
11
34
35
11
12
36
13
36
37
13
14
38
15
38
39
15
16
40
17
40
41
17
18
42
19
42
43
19
20
44
21
44
45
21
22
46
23
46
47
23
52
51
50
52
54
53
49
52
50
57
56
54
56
55
54
49
48
59
58
57
59
52
57
54
59
52
49
59
57
52
63
64
65
66
67
65
63
65
62
67
69
70
67
68
69
72
61
62
72
70
71
67
70
65
62
65
72
65
70
72
