0
134
1
134
135
1
2
136
3
136
137
3
4
138
5
138
139
5
6
140
7
140
141
7
8
142
9
142
143
9
10
144
11
144
145
11
12
146
13
146
147
13
14
148
15
148
149
15
16
150
17
150
151
17
18
152
19
152
153
19
20
154
21
154
155
21
22
156
23
156
157
23
24
158
25
158
159
25
26
160
27
160
161
27
28
162
29
162
163
29
30
164
31
164
165
31
32
166
33
166
167
33
34
168
35
168
169
35
36
170
37
170
171
37
38
172
39
172
173
39
40
174
41
174
175
41
42
176
43
176
177
43
44
178
45
178
179
45
46
180
47
180
181
47
48
182
49
182
183
49
50
184
51
184
185
51
52
186
53
186
187
53
54
188
55
188
189
55
56
190
57
190
191
57
58
192
59
192
193
59
60
194
61
194
195
61
62
196
63
196
197
63
64
198
65
198
199
65
66
200
67
200
201
67
68
202
69
202
203
69
70
204
71
204
205
71
72
206
73
206
207
73
74
208
75
208
209
75
76
210
77
210
211
77
78
212
79
212
213
79
80
214
81
214
215
81
82
216
83
216
217
83
84
218
85
218
219
85
86
220
87
220
221
87
88
222
89
222
223
89
90
224
91
224
225
91
92
226
93
226
227
93
94
228
95
228
229
95
96
230
97
230
231
97
98
232
99
232
233
99
100
234
101
234
235
101
102
236
103
236
237
103
104
238
105
238
239
105
106
240
107
240
241
107
108
242
109
242
243
109
110
244
111
244
245
111
112
246
113
246
247
113
114
248
115
248
249
115
116
250
117
250
251
117
118
252
119
252
253
119
120
254
121
254
255
121
122
256
123
256
257
123
124
258
125
258
259
125
126
260
127
260
261
127
128
262
129
262
263
129
130
264
131
264
265
131
132
266
133
266
267
133
279
322
280
276
275
326
273
328
274
329
273
272
274
327
275
323
279
278
277
324
278
281
280
321
324
276
325
283
319
318
299
302
300
302
301
300
315
314
286
314
288
287
270
332
331
285
316
315
309
293
292
294
293
308
296
295
306
292
291
310
304
297
305
306
294
307
304
298
297
299
298
303
298
304
303
303
302
299
290
311
291
317
316
284
312
288
313
281
320
282
317
284
283
334
333
268
270
330
271
311
289
312
305
296
306
305
297
296
295
294
306
307
294
308
308
293
309
309
292
310
310
291
311
290
289
311
289
288
312
313
288
314
287
286
314
286
285
315
285
284
316
317
283
318
319
282
320
319
283
282
320
281
321
321
280
322
322
279
323
323
278
324
277
276
324
325
276
326
326
275
327
327
274
328
328
273
329
271
330
329
272
271
329
270
331
330
332
269
268
270
269
332
333
332
268
348
390
347
394
343
344
342
396
341
340
341
397
343
395
342
346
347
391
346
392
345
389
348
349
393
344
392
386
387
351
368
370
367
368
369
370
354
382
383
355
356
382
399
400
338
383
384
353
360
361
377
376
361
362
374
363
364
378
359
360
373
365
372
375
362
374
365
366
372
371
366
367
371
372
366
367
370
371
359
379
358
352
384
385
381
356
380
350
388
349
351
352
385
336
401
402
339
398
338
380
357
379
374
364
373
364
365
373
374
362
363
376
362
375
377
361
376
378
360
377
379
359
378
379
357
358
380
356
357
382
356
381
382
354
355
383
353
354
384
352
353
386
351
385
388
350
387
350
351
387
389
349
388
390
348
389
391
347
390
392
346
391
392
344
345
394
344
393
395
343
394
396
342
395
397
341
396
397
398
339
397
339
340
398
399
338
336
337
400
400
337
338
336
400
401
