0
24
1
24
25
1
2
26
3
26
27
3
4
28
5
28
29
5
6
30
7
30
31
7
8
32
9
32
33
9
10
34
11
34
35
11
12
36
13
36
37
13
14
38
15
38
39
15
16
40
17
40
41
17
18
42
19
42
43
19
20
44
21
44
45
21
22
46
23
46
47
23
50
51
56
56
51
52
53
54
52
52
54
55
58
49
50
50
56
57
55
56
52
59
48
49
50
57
58
49
58
59
69
64
63
65
64
69
65
67
66
68
67
65
63
62
71
70
69
63
65
69
68
62
61
72
71
70
63
72
71
62
