0
82
1
82
83
1
2
84
3
84
85
3
4
86
5
86
87
5
6
88
7
88
89
7
8
90
9
90
91
9
10
92
11
92
93
11
12
94
13
94
95
13
14
96
15
96
97
15
16
98
17
98
99
17
18
100
19
100
101
19
20
102
21
102
103
21
22
104
23
104
105
23
24
106
25
106
107
25
26
108
27
108
109
27
28
110
29
110
111
29
30
112
31
112
113
31
32
114
33
114
115
33
34
116
35
116
117
35
36
118
37
118
119
37
38
120
39
120
121
39
40
122
41
122
123
41
42
124
43
124
125
43
44
126
45
126
127
45
46
128
47
128
129
47
48
130
49
130
131
49
50
132
51
132
133
51
52
134
53
134
135
53
54
136
55
136
137
55
56
138
57
138
139
57
58
140
59
140
141
59
60
142
61
142
143
61
62
144
63
144
145
63
64
146
65
146
147
65
66
148
67
148
149
67
68
150
69
150
151
69
70
152
71
152
153
71
72
154
73
154
155
73
74
156
75
156
157
75
76
158
77
158
159
77
78
160
79
160
161
79
80
162
81
162
163
81
165
166
164
204
164
166
202
203
168
168
204
167
169
202
168
169
170
200
170
171
199
171
172
198
173
197
172
173
174
196
175
195
174
184
185
179
175
176
194
176
177
193
178
179
185
179
180
184
184
180
181
183
181
182
184
181
183
177
178
191
187
185
186
178
185
190
185
187
188
188
189
185
185
189
190
191
178
190
191
192
177
192
193
177
193
194
176
195
175
194
196
174
195
197
173
196
172
197
198
171
198
199
199
200
170
200
201
169
169
201
202
204
166
167
203
204
168
206
208
207
208
206
246
210
245
244
209
246
210
210
244
211
242
212
211
241
213
212
240
214
213
214
239
215
238
216
215
216
237
217
221
227
226
236
218
217
235
219
218
227
221
220
226
222
221
223
222
226
224
223
225
225
223
226
233
220
219
228
227
229
232
227
220
230
229
227
227
231
230
232
231
227
232
220
233
219
234
233
219
235
234
218
236
235
236
217
237
237
216
238
238
215
239
240
239
214
241
240
213
212
242
241
211
243
242
244
243
211
209
208
246
210
246
245
