0
26
1
26
27
1
2
28
3
28
29
3
4
30
5
30
31
5
6
32
7
32
33
7
8
34
9
34
35
9
10
36
11
36
37
11
12
38
13
38
39
13
14
40
15
40
41
15
16
42
17
42
43
17
18
44
19
44
45
19
20
46
21
46
47
21
22
48
23
48
49
23
24
50
25
50
51
25
55
53
54
53
63
64
55
63
53
55
56
62
58
56
57
58
60
56
60
58
59
61
56
60
56
61
62
62
63
55
53
64
52
68
67
69
78
77
67
67
77
69
76
70
69
71
70
72
70
74
72
73
72
74
74
70
75
76
75
70
69
77
76
66
78
67
