0
26
1
26
27
1
2
28
3
28
29
3
4
30
5
30
31
5
6
32
7
32
33
7
8
34
9
34
35
9
10
36
11
36
37
11
12
38
13
38
39
13
14
40
15
40
41
15
16
42
17
42
43
17
18
44
19
44
45
19
20
46
21
46
47
21
22
48
23
48
49
23
24
50
25
50
51
25
26
52
27
52
53
27
28
54
29
54
55
29
30
56
31
56
57
31
32
58
33
58
59
33
34
60
35
60
61
35
36
62
37
62
63
37
38
64
39
64
65
39
40
66
41
66
67
41
42
68
43
68
69
43
44
70
45
70
71
45
46
72
47
72
73
47
48
74
49
74
75
49
50
76
51
76
77
51
52
78
53
78
79
53
54
80
55
80
81
55
56
82
57
82
83
57
58
84
59
84
85
59
60
86
61
86
87
61
62
88
63
88
89
63
64
90
65
90
91
65
66
92
67
92
93
67
68
94
69
94
95
69
70
96
71
96
97
71
72
98
73
98
99
73
74
100
75
100
101
75
76
102
77
102
103
77
108
112
109
113
108
107
113
107
114
112
108
113
109
111
110
112
111
109
106
114
107
105
115
106
114
106
115
116
105
104
105
116
115
123
126
122
121
122
127
128
121
127
127
122
126
124
125
123
123
125
126
121
128
120
120
129
119
129
120
128
118
119
130
129
130
119
