0
24
1
24
25
1
2
26
3
26
27
3
4
28
5
28
29
5
6
30
7
30
31
7
8
32
9
32
33
9
10
34
11
34
35
11
12
36
13
36
37
13
14
38
15
38
39
15
16
40
17
40
41
17
18
42
19
42
43
19
20
44
21
44
45
21
22
46
23
46
47
23
55
57
58
52
49
50
51
52
50
52
53
49
48
49
58
58
49
53
59
48
58
55
56
57
58
54
55
53
54
58
71
70
68
63
62
65
63
65
64
62
66
65
71
62
61
66
62
71
71
61
72
70
69
68
68
67
71
71
67
66
