0
62
1
62
63
1
2
64
3
64
65
3
4
66
5
66
67
5
6
68
7
68
69
7
8
70
9
70
71
9
10
72
11
72
73
11
12
74
13
74
75
13
14
76
15
76
77
15
16
78
17
78
79
17
18
80
19
80
81
19
20
82
21
82
83
21
22
84
23
84
85
23
24
86
25
86
87
25
26
88
27
88
89
27
28
90
29
90
91
29
30
92
31
92
93
31
32
94
33
94
95
33
34
96
35
96
97
35
36
98
37
98
99
37
38
100
39
100
101
39
40
102
41
102
103
41
42
104
43
104
105
43
44
106
45
106
107
45
46
108
47
108
109
47
48
110
49
110
111
49
50
112
51
112
113
51
52
114
53
114
115
53
54
116
55
116
117
55
56
118
57
118
119
57
58
120
59
120
121
59
60
122
61
122
123
61
62
124
63
124
125
63
64
126
65
126
127
65
66
128
67
128
129
67
68
130
69
130
131
69
70
132
71
132
133
71
72
134
73
134
135
73
74
136
75
136
137
75
76
138
77
138
139
77
78
140
79
140
141
79
80
142
81
142
143
81
82
144
83
144
145
83
84
146
85
146
147
85
86
148
87
148
149
87
88
150
89
150
151
89
90
152
91
152
153
91
92
154
93
154
155
93
94
156
95
156
157
95
96
158
97
158
159
97
98
160
99
160
161
99
100
162
101
162
163
101
102
164
103
164
165
103
104
166
105
166
167
105
106
168
107
168
169
107
108
170
109
170
171
109
110
172
111
172
173
111
112
174
113
174
175
113
114
176
115
176
177
115
116
178
117
178
179
117
118
180
119
180
181
119
120
182
121
182
183
121
122
184
123
184
185
123
124
186
125
186
187
125
126
188
127
188
189
127
128
190
129
190
191
129
130
192
131
192
193
131
132
194
133
194
195
133
134
196
135
196
197
135
136
198
137
198
199
137
138
200
139
200
201
139
140
202
141
202
203
141
142
204
143
204
205
143
144
206
145
206
207
145
146
208
147
208
209
147
148
210
149
210
211
149
150
212
151
212
213
151
152
214
153
214
215
153
154
216
155
216
217
155
156
218
157
218
219
157
158
220
159
220
221
159
160
222
161
222
223
161
162
224
163
224
225
163
164
226
165
226
227
165
166
228
167
228
229
167
168
230
169
230
231
169
170
232
171
232
233
171
172
234
173
234
235
173
174
236
175
236
237
175
176
238
177
238
239
177
178
240
179
240
241
179
180
242
181
242
243
181
182
244
183
244
245
183
184
246
185
246
247
185
186
248
187
248
249
187
188
250
189
250
251
189
190
252
191
252
253
191
192
254
193
254
255
193
194
256
195
256
257
195
196
258
197
258
259
197
198
260
199
260
261
199
200
262
201
262
263
201
202
264
203
264
265
203
204
266
205
266
267
205
206
268
207
268
269
207
208
270
209
270
271
209
210
272
211
272
273
211
212
274
213
274
275
213
214
276
215
276
277
215
216
278
217
278
279
217
218
280
219
280
281
219
220
282
221
282
283
221
222
284
223
284
285
223
224
286
225
286
287
225
226
288
227
288
289
227
228
290
229
290
291
229
230
292
231
292
293
231
232
294
233
294
295
233
234
296
235
296
297
235
236
298
237
298
299
237
238
300
239
300
301
239
240
302
241
302
303
241
242
304
243
304
305
243
244
306
245
306
307
245
246
308
247
308
309
247
312
311
310
314
310
315
327
332
330
312
314
313
317
321
318
310
314
312
327
330
329
340
327
316
317
326
323
319
318
321
321
323
322
321
320
319
323
325
324
321
317
323
316
327
326
323
326
325
330
332
331
316
326
317
327
340
332
329
328
327
340
338
337
340
337
334
334
332
340
334
333
332
337
336
335
338
340
339
334
337
335
340
315
310
316
315
340
342
343
344
347
342
346
362
364
359
345
346
344
350
353
349
344
346
342
361
362
359
348
359
372
355
358
349
353
350
351
354
355
353
351
352
353
356
357
355
355
349
353
358
359
348
357
358
355
363
364
362
349
358
348
364
372
359
359
360
361
369
370
372
366
369
372
372
364
366
364
365
366
367
368
369
371
372
370
367
369
366
342
347
372
372
347
348
