0
20
1
20
21
1
2
22
3
22
23
3
4
24
5
24
25
5
6
26
7
26
27
7
8
28
9
28
29
9
10
30
11
30
31
11
12
32
13
32
33
13
14
34
15
34
35
15
16
36
17
36
37
17
18
38
19
38
39
19
20
40
21
40
41
21
22
42
23
42
43
23
24
44
25
44
45
25
26
46
27
46
47
27
28
48
29
48
49
29
30
50
31
50
51
31
32
52
33
52
53
33
34
54
35
54
55
35
36
56
37
56
57
37
38
58
39
58
59
39
40
60
41
60
61
41
42
62
43
62
63
43
44
64
45
64
65
45
46
66
47
66
67
47
48
68
49
68
69
49
50
70
51
70
71
51
52
72
53
72
73
53
54
74
55
74
75
55
56
76
57
76
77
57
58
78
59
78
79
59
60
80
61
80
81
61
62
82
63
82
83
63
64
84
65
84
85
65
66
86
67
86
87
67
68
88
69
88
89
69
70
90
71
90
91
71
72
92
73
92
93
73
74
94
75
94
95
75
76
96
77
96
97
77
78
98
79
98
99
79
80
100
81
100
101
81
82
102
83
102
103
83
84
104
85
104
105
85
86
106
87
106
107
87
88
108
89
108
109
89
90
110
91
110
111
91
92
112
93
112
113
93
94
114
95
114
115
95
96
116
97
116
117
97
98
118
99
118
119
99
100
120
101
120
121
101
102
122
103
122
123
103
104
124
105
124
125
105
106
126
107
126
127
107
108
128
109
128
129
109
110
130
111
130
131
111
112
132
113
132
133
113
114
134
115
134
135
115
116
136
117
136
137
117
118
138
119
138
139
119
120
140
121
140
141
121
122
142
123
142
143
123
124
144
125
144
145
125
126
146
127
146
147
127
128
148
129
148
149
129
130
150
131
150
151
131
132
152
133
152
153
133
134
154
135
154
155
135
136
156
137
156
157
137
138
158
139
158
159
139
140
160
141
160
161
141
142
162
143
162
163
143
144
164
145
164
165
145
146
166
147
166
167
147
148
168
149
168
169
149
150
170
151
170
171
151
152
172
153
172
173
153
154
174
155
174
175
155
156
176
157
176
177
157
158
178
159
178
179
159
160
180
161
180
181
161
162
182
163
182
183
163
164
184
165
184
185
165
166
186
167
186
187
167
168
188
169
188
189
169
170
190
171
190
191
171
172
192
173
192
193
173
174
194
175
194
195
175
176
196
177
196
197
177
178
198
179
198
199
179
180
200
181
200
201
181
182
202
183
202
203
183
184
204
185
204
205
185
186
206
187
206
207
187
188
208
189
208
209
189
190
210
191
210
211
191
192
212
193
212
213
193
194
214
195
214
215
195
196
216
197
216
217
197
198
218
199
218
219
199
200
220
201
220
221
201
202
222
203
222
223
203
204
224
205
224
225
205
206
226
207
226
227
207
208
228
209
228
229
209
210
230
211
230
231
211
212
232
213
232
233
213
214
234
215
234
235
215
216
236
217
236
237
217
218
238
219
238
239
219
220
240
221
240
241
221
222
242
223
242
243
223
224
244
225
244
245
225
226
246
227
246
247
227
228
248
229
248
249
229
230
250
231
250
251
231
232
252
233
252
253
233
234
254
235
254
255
235
236
256
237
256
257
237
238
258
239
258
259
239
240
260
241
260
261
241
242
262
243
262
263
243
244
264
245
264
265
245
246
266
247
266
267
247
248
268
249
268
269
249
250
270
251
270
271
251
252
272
253
272
273
253
254
274
255
274
275
255
256
276
257
276
277
257
258
278
259
278
279
259
260
280
261
280
281
261
262
282
263
282
283
263
264
284
265
284
285
265
266
286
267
286
287
267
268
288
269
288
289
269
270
290
271
290
291
271
272
292
273
292
293
273
274
294
275
294
295
275
276
296
277
296
297
277
278
298
279
298
299
279
307
303
302
307
305
304
307
306
305
309
308
300
302
308
307
304
303
307
308
301
300
301
308
302
313
314
318
315
316
318
316
317
318
311
319
320
318
319
313
318
314
315
311
312
319
313
319
312
