0
24
1
24
25
1
2
26
3
26
27
3
4
28
5
28
29
5
6
30
7
30
31
7
8
32
9
32
33
9
10
34
11
34
35
11
12
36
13
36
37
13
14
38
15
38
39
15
16
40
17
40
41
17
18
42
19
42
43
19
20
44
21
44
45
21
22
46
23
46
47
23
51
50
49
53
52
51
48
51
49
48
53
51
55
54
53
57
56
55
48
55
53
55
59
57
59
58
57
55
48
59
62
63
64
64
65
66
62
64
61
64
66
61
66
67
68
68
69
70
66
68
61
70
72
68
70
71
72
72
61
68
